ENTIDAD	EduDad	EduMom	floors	walls	sanitary	OverCr	dvd	cellPhone	fridge	washMach	heater	microWave	soundEqui	car	books	SEXO	ZONA	SECTOR	INSE
Amazonas	0.156971375807941	0.154201292705448	0.0304709141274238	0.025854108956602	0.0341643582640813	0.0277008310249307	0	0	0	0	0	0	0	0	0.0609418282548476	0.00461680517082179	0	0	0
Antioquia	0.186087352434226	0.129987967088361	0.0177891963966308	0.0147321864125663	0.0244560798725162	0.0255943282708381	0	0	0	0	0	0	0	0	0.0586035318221731	0.00591889167127386	0	0	0
Apartadó	0.205142231947484	0.145514223194748	0.0196936542669584	0.0147702407002188	0.0284463894967177	0.0328227571115974	0	0	0	0	0	0	0	0	0.0596280087527352	0.0103938730853392	0	0	0
Arauca	0.179456338705797	0.119076256916045	0.0221313447197498	0.0144334856867934	0.0269425066153476	0.0288669713735867	0	0	0	0	0	0	0	0	0.0606206398845321	0.00481116189559779	0	0	0
Armenia	0.210324559161768	0.142090467671863	0.017377970866343	0.0117556861742908	0.0214669051878354	0.0222335803731153	0	0	0	0	0	0	0	0	0.0587784308714541	0.00715563506261181	0	0	0
Atlántico	0.167247386759582	0.147967479674797	0.0300813008130081	0.0211382113821138	0.0380952380952381	0.0393728222996516	0	0	0	0	0	0	0	0	0.059581881533101	0.00813008130081301	0	0	0
Barrancabermeja	0.184980673660961	0.139977912755384	0.0204307012700166	0.0138045278851463	0.0284373274434014	0.0303699613473219	0	0	0	0	0	0	0	0	0.0577029265599117	0.00496963003865268	0	0	0
Barranquilla	0.206309398099261	0.173244456177402	0.0206573389651531	0.0157734952481521	0.0313489968321014	0.0333949313621964	0	0	0	0	0	0	0	0	0.0525343189017951	0.00501583949313622	0	0	0
Bello	0.207831325301205	0.132530120481928	0.0120481927710843	0.0104535790219702	0.0200212615166549	0.0228561304039688	0	0	0	0	0	0	0	0	0.0575832742735648	0.00460666194188519	0	0	0
Bogotá, D.C.	0.176937193513774	0.120528685606554	0.012354716754079	0.00972733380800048	0.019474723974368	0.0200663865461948	0	0	0	0	0	0	0	0	0.0453073135510785	0.00406141256931979	0	0	0
Bolívar	0.202499155690645	0.176224248564674	0.032016210739615	0.0275582573454914	0.0488348530901722	0.0501182033096927	0	0	0	0	0	0	0	0	0.0780141843971631	0.00763255656872678	0	0	0
Boyacá	0.125907314349525	0.0774706867671692	0.0120044667783361	0.00788665549972083	0.0168900055834729	0.0188442211055276	0	0	0	0	0	0	0	0	0.056393076493579	0.00307091010608599	0	0	0
Bucaramanga	0.151152073732719	0.105859117840685	0.0107965766951942	0.00921658986175115	0.0167215273206057	0.0214614878209348	0	0	0	0	0	0	0	0	0.0462146148782093	0.00355497037524687	0	0	0
Buenaventura	0.205983101164649	0.170130166704727	0.0299155058232473	0.0244348024663165	0.0461292532541676	0.0433889015757022	0	0	0	0	0	0	0	0	0.0710207810002284	0.00959123087462891	0	0	0
Buga	0.230512991339107	0.163890739506995	0.0193204530313125	0.0133244503664224	0.0226515656229181	0.0253164556962025	0	0	0	0	0	0	0	0	0.0599600266489007	0.00466355762824783	0	0	0
Caldas	0.168668850867613	0.0992597985681349	0.0145613396432472	0.0114063827205436	0.0185657080451402	0.0222060429559519	0	0	0	0	0	0	0	0	0.0601868705254217	0.00558184686324475	0	0	0
Cali	0.204475746904464	0.148017721231398	0.0182513537051763	0.0147676928319891	0.0254837366049453	0.0248778825400432	0	0	0	0	0	0	0	0	0.0552084516642054	0.00378658790563823	0	0	0
Caquetá	0.168615107913669	0.13556654676259	0.0294514388489209	0.0161870503597122	0.0319244604316547	0.0370953237410072	0	0	0	0	0	0	0	0	0.0717176258992806	0.00427158273381295	0	0	0
Cartagena	0.210301377938251	0.18804804362243	0.0241691842900302	0.0163584113182522	0.0324957630240955	0.0336010610861396	0	0	0	0	0	0	0	0	0.0576965588387002	0.0051580576228723	0	0	0
Cartago	0.167146974063401	0.100864553314121	0.0132564841498559	0.0155619596541787	0.0213256484149856	0.029971181556196	0	0	0	0	0	0	0	0	0.0610951008645533	0.00288184438040346	0	0	0
Casanare	0.172374166858194	0.124569064582855	0.0153987589059986	0.0128706044587451	0.0222937255803264	0.022523557802804	0	0	0	0	0	0	0	0	0.0684900022983222	0.010112617789014	0	0	0
Cauca	0.176835379604109	0.136870458531696	0.0293786018541719	0.0243673264845903	0.0358932598346279	0.0399022801302932	0	0	0	0	0	0	0	0	0.0884490102731145	0.00670258080681533	0	0	0
Cesar	0.213753179545654	0.176914305762652	0.0260503464608368	0.0192088413297079	0.0353477765108324	0.0373651434084729	0	0	0	0	0	0	0	0	0.0696430137707219	0.00657837031839312	0	0	0
Chía	0.211259754738016	0.170011148272018	0.0133779264214047	0.00780379041248606	0.0150501672240803	0.0234113712374582	0	0	0	0	0	0	0	0	0.0451505016722408	0.00613154960981048	0	0	0
Chocó	0.241394927536232	0.216032608695652	0.0491394927536232	0.0344202898550725	0.0683876811594203	0.0629528985507246	0	0	0	0	0	0	0	0	0.101675724637681	0.0117753623188406	0	0	0
Ciénaga	0.200718993409227	0.190533253445177	0.0575194727381666	0.03654883163571	0.0635110844817256	0.061114439784302	0	0	0	0	0	0	0	0	0.0886758538046735	0.00718993409227082	0	0	0
Córdoba	0.164387834676371	0.143384455419808	0.021939173381856	0.0178320769430725	0.0353522225110476	0.0367559136989862	0	0	0	0	0	0	0	0	0.0754354042110736	0.00629061606446582	0	0	0
Cúcuta	0.133707865168539	0.0862359550561798	0.00936329588014981	0.00870786516853933	0.0172284644194757	0.0200374531835206	0	0	0	0	0	0	0	0	0.0558988764044944	0.0050561797752809	0	0	0
Cundinamarca	0.152999828090081	0.104134433556816	0.0110022348289496	0.00799381124290872	0.0154718927282104	0.0161595324050198	0	0	0	0	0	0	0	0	0.0471462953412412	0.0036101083032491	0	0	0
Dosquebradas	0.180162727624952	0.120108485083301	0.00736148779542813	0.00774893452150329	0.00891127469972879	0.0151104223169314	0	0	0	0	0	0	0	0	0.0581170089112747	0.00387446726075165	0	0	0
Duitama	0.099855976956313	0.0542486797887662	0.00864138262121939	0.00624099855976956	0.0110417666826692	0.0124819971195391	0	0	0	0	0	0	0	0	0.0316850696111378	0.00240038406144983	0	0	0
Envigado	0.167959835691465	0.112733911455956	0.00730260155180283	0.00456412596987677	0.0114103149246919	0.0104974897307166	0	0	0	0	0	0	0	0	0.0419899589228663	0.00319488817891374	0	0	0
Facatativá	0.136244082062073	0.0904786954234613	0.00631246712256707	0.00683850604944766	0.0120988953182536	0.0168332456601789	0	0	0	0	0	0	0	0	0.0436612309310889	0.0047343503419253	0	0	0
Florencia	0.210876803551609	0.141324454310026	0.0177580466148724	0.0173880873103959	0.0310765815760266	0.0277469478357381	0	0	0	0	0	0	0	0	0.0606733259341472	0.00443951165371809	0	0	0
Floridablanca	0.149438202247191	0.110955056179775	0.0117977528089888	0.0103932584269663	0.0171348314606742	0.0165730337078652	0	0	0	0	0	0	0	0	0.0474719101123596	0.00421348314606742	0	0	0
Fusagasugá	0.168516649848638	0.114530776992936	0.0161453077699294	0.0196770938446014	0.0262361251261352	0.0287588294651867	0	0	0	0	0	0	0	0	0.0580221997981837	0.00807265388496468	0	0	0
Girardot	0.209724238026125	0.157474600870827	0.0195936139332366	0.0203193033381713	0.0435413642960813	0.034833091436865	0	0	0	0	0	0	0	0	0.055878084179971	0.00870827285921625	0	0	0
Girón	0.134267631103074	0.0908679927667269	0.0131103074141049	0.00949367088607595	0.0171790235081374	0.0216998191681736	0	0	0	0	0	0	0	0	0.0443037974683544	0.00316455696202532	0	0	0
Guainía	0.210826210826211	0.178062678062678	0.0256410256410256	0.0327635327635328	0.0455840455840456	0.0398860398860399	0	0	0	0	0	0	0	0	0.103988603988604	0.0113960113960114	0	0	0
Guaviare	0.37037037037037	0.259259259259259	0.111111111111111	0.111111111111111	0.111111111111111	0.185185185185185	0	0	0	0	0	0	0	0	0.185185185185185	0	0	0	0
Huila	0.125137125842344	0.0919918508070835	0.0148095909732017	0.0130073656166745	0.0209998432847516	0.0249177244945933	0	0	0	0	0	0	0	0	0.0568876351669017	0.0050148879485974	0	0	0
Ibagué	0.171969599381682	0.115548112842973	0.0131392502898364	0.0100476619863455	0.0206105886899395	0.019064794538194	0	0	0	0	0	0	0	0	0.0504959422903517	0.00283395594486668	0	0	0
Ipiales	0.10048886474742	0.0619228680065182	0.00977729494839761	0.00760456273764259	0.0135795763172189	0.0184682237914177	0	0	0	0	0	0	0	0	0.0608365019011407	0.00271591526344378	0	0	0
Itagüí	0.210093896713615	0.131846635367762	0.0156494522691706	0.0109546165884194	0.0223004694835681	0.0195618153364632	0	0	0	0	0	0	0	0	0.0500782472613459	0.00117370892018779	0	0	0
Jamundí	0.212705210563883	0.166309778729479	0.0249821556031406	0.0242683797287652	0.0364025695931477	0.033547466095646	0	0	0	0	0	0	0	0	0.0649536045681656	0.0092790863668808	0	0	0
La Guajira	0.211973807296539	0.202993451824135	0.0310570626753976	0.0327408793264733	0.0521983161833489	0.04733395696913	0	0	0	0	0	0	0	0	0.0798877455565949	0.00804490177736202	0	0	0
Lorica	0.182467841829443	0.162934730824202	0.0257265364459266	0.0219151977131968	0.0347784659361601	0.0409718913768461	0	0	0	0	0	0	0	0	0.0738446879466413	0.00714626012386851	0	0	0
Magangué	0.154224407688869	0.152883325882879	0.0165400089405454	0.0120697362539115	0.029950827000447	0.0375502905677246	0	0	0	0	0	0	0	0	0.0683951721054984	0.00670540902995083	0	0	0
Magdalena	0.207855553653945	0.185863426322095	0.039192195789834	0.0302070854013349	0.0497176108163615	0.0533116549717611	0	0	0	0	0	0	0	0	0.0788978264590108	0.00889953790860859	0	0	0
Maicao	0.225186766275347	0.209889718961224	0.0302383493418712	0.0259694059053718	0.0451796513696194	0.0490928495197439	0	0	0	0	0	0	0	0	0.0825329064389897	0.00818214158662398	0	0	0
Malambo	0.138550724637681	0.11304347826087	0.0243478260869565	0.0179710144927536	0.0295652173913043	0.0417391304347826	0	0	0	0	0	0	0	0	0.063768115942029	0.00521739130434783	0	0	0
Manizales	0.174766355140187	0.105607476635514	0.00981308411214953	0.00794392523364486	0.0156542056074766	0.013785046728972	0	0	0	0	0	0	0	0	0.0535046728971963	0.00163551401869159	0	0	0
Medellín	0.182198348895058	0.116550704783878	0.0165470997512528	0.0123292115793648	0.0251270774000505	0.0241897689174087	0	0	0	0	0	0	0	0	0.0584375788600887	0.00428998882439886	0	0	0
Meta	0.163818722139673	0.119861317483903	0.0170876671619614	0.0143635463100545	0.0289747399702823	0.033308568598316	0	0	0	0	0	0	0	0	0.0588162456661714	0.00359088657751362	0	0	0
Montería	0.156222529197539	0.131734271003391	0.0169534095190255	0.0138138892377245	0.0244882581941479	0.0264975511741806	0	0	0	0	0	0	0	0	0.0582694964209469	0.00426974758256938	0	0	0
Mosquera	0.119205298013245	0.0816777041942605	0.0160044150110375	0.010485651214128	0.0204194260485651	0.0204194260485651	0	0	0	0	0	0	0	0	0.0502207505518764	0.00607064017660044	0	0	0
Nariño	0.154621658359764	0.110217489805165	0.0239012233801541	0.0157453556864522	0.0306977797915723	0.0300181241504304	0	0	0	0	0	0	0	0	0.0662664250113276	0.00724966017217943	0	0	0
Neiva	0.135488429606077	0.09468291821233	0.0141317788376612	0.0118353647765412	0.0226108461402579	0.0272036742624978	0	0	0	0	0	0	0	0	0.056350468115174	0.00476947535771065	0	0	0
Norte de Santander	0.146373056994819	0.102239082161362	0.0146188008882309	0.0115655070318283	0.0199851961509993	0.0210029607698001	0	0	0	0	0	0	0	0	0.0680977054034049	0.00370096225018505	0	0	0
Palmira	0.191631591978212	0.128249566724437	0.0151027482050012	0.0138648180242634	0.0227779153255756	0.0247586036147561	0	0	0	0	0	0	0	0	0.0458034166872988	0.00420896261450854	0	0	0
Pasto	0.129654036243822	0.0749588138385502	0.0115321252059308	0.0100494233937397	0.0171334431630972	0.0230642504118616	0	0	0	0	0	0	0	0	0.0504118616144975	0.00527182866556837	0	0	0
Pereira	0.176247998835686	0.113229515354388	0.0117886770484646	0.012952990831029	0.0219764226459031	0.0241595109882113	0	0	0	0	0	0	0	0	0.0570513753456557	0.00422063746179595	0	0	0
Piedecuesta	0.135900841080124	0.0960602036299247	0.00973882248782647	0.00708277999114653	0.0190349712262063	0.0212483399734396	0	0	0	0	0	0	0	0	0.0464807436918991	0.00442673749446658	0	0	0
Pitalito	0.133750921149595	0.081798084008843	0.00994841562269713	0.00736919675755343	0.0169491525423729	0.0173176123802506	0	0	0	0	0	0	0	0	0.0619012527634488	0.00294767870302137	0	0	0
Popayán	0.175558943089431	0.119156504065041	0.0170223577235772	0.0078760162601626	0.016260162601626	0.0195630081300813	0	0	0	0	0	0	0	0	0.0487804878048781	0.00355691056910569	0	0	0
Putumayo	0.172580089562522	0.128315535652773	0.0210127454357561	0.0153289700310024	0.0294522907337237	0.029107819497072	0	0	0	0	0	0	0	0	0.0590768170857733	0.00413365483982087	0	0	0
Quibdó	0.252045826513912	0.210038188761593	0.0409165302782324	0.0256410256410256	0.0452809601745772	0.0583742498636116	0	0	0	0	0	0	0	0	0.0763775231860338	0.00709219858156028	0	0	0
Quindío	0.197671538270993	0.129551647262819	0.0161010651473867	0.0104037651721575	0.0210552390388903	0.0245231607629428	0	0	0	0	0	0	0	0	0.0658905127569978	0.00470646519692841	0	0	0
Riohacha	0.199756023177798	0.190301921317475	0.0277523635254651	0.0222628850259225	0.0448307410795974	0.0420860018298262	0	0	0	0	0	0	0	0	0.0634339737724916	0.00579444952729491	0	0	0
Rionegro	0.125483692647872	0.0646766169154229	0.0110558319513543	0.00829187396351575	0.0127142067440575	0.0143725815367606	0	0	0	0	0	0	0	0	0.058595909342178	0.0066334991708126	0	0	0
Risaralda	0.163889579706541	0.112409848296444	0.0181546878885849	0.0174086048246705	0.0238746580452624	0.0268589903009202	0	0	0	0	0	0	0	0	0.0678935588162149	0.00920169112161154	0	0	0
Sabaneta	0.193786982248521	0.146449704142012	0.014792899408284	0.00739644970414201	0.0236686390532544	0.0177514792899408	0	0	0	0	0	0	0	0	0.0473372781065089	0.00591715976331361	0	0	0
Sahagún	0.13177874186551	0.105748373101952	0.00921908893709327	0.00596529284164859	0.0238611713665944	0.0216919739696312	0	0	0	0	0	0	0	0	0.0477223427331887	0.00162689804772234	0	0	0
San Andrés	0.230994152046784	0.195906432748538	0.0307017543859649	0.0175438596491228	0.0263157894736842	0.0277777777777778	0	0	0	0	0	0	0	0	0.0716374269005848	0.00292397660818713	0	0	0
Santa Marta	0.213546798029557	0.178817733990148	0.0252463054187192	0.0161330049261084	0.0338669950738916	0.0330049261083744	0	0	0	0	0	0	0	0	0.0538177339901478	0.00665024630541872	0	0	0
Santander	0.144232262071107	0.0990529420897376	0.0129638254929359	0.0100916006831237	0.0193292966930601	0.0197174351808725	0	0	0	0	0	0	0	0	0.0548051544791181	0.00333799099518708	0	0	0
Sincelejo	0.154976303317536	0.138625592417062	0.0125592417061611	0.0109004739336493	0.0170616113744076	0.0175355450236967	0	0	0	0	0	0	0	0	0.0509478672985782	0.0033175355450237	0	0	0
Soacha	0.155264134603489	0.105653841395521	0.0115056290981071	0.00977359891129531	0.0214029444513176	0.0223926759866386	0	0	0	0	0	0	0	0	0.0506000247432884	0.00581467277001113	0	0	0
Sogamoso	0.137865007180469	0.0866443274293921	0.0119674485399713	0.0100526567735759	0.0153183341311632	0.0157970320727621	0	0	0	0	0	0	0	0	0.0469123982766874	0.00574437529918621	0	0	0
Soledad	0.158245083207262	0.131164901664145	0.0158850226928896	0.0107413010590015	0.0216338880484115	0.0290468986384266	0	0	0	0	0	0	0	0	0.051285930408472	0.00514372163388805	0	0	0
Sucre	0.160140426681069	0.142497074444144	0.0240345665676479	0.0185435232694212	0.0360968584030966	0.038347285984337	0	0	0	0	0	0	0	0	0.0713835628769466	0.00459087226573049	0	0	0
Tolima	0.16452186277995	0.119445431923214	0.0208318521151795	0.0162104514752933	0.0295058656238891	0.029008176324209	0	0	0	0	0	0	0	0	0.0648418059011731	0.00504799146818343	0	0	0
Tuluá	0.166979949874687	0.109962406015038	0.0119047619047619	0.00971177944862155	0.0153508771929825	0.0166040100250627	0	0	0	0	0	0	0	0	0.0532581453634085	0.00407268170426065	0	0	0
Tumaco	0.226853230128014	0.182197082465019	0.0467401012206014	0.0288776421554034	0.0515034236379875	0.0428699017564751	0	0	0	0	0	0	0	0	0.0899077106281631	0.00774039892825246	0	0	0
Tunja	0.140401146131805	0.0898997134670487	0.00931232091690544	0.00967048710601719	0.0121776504297994	0.0168338108882522	0	0	0	0	0	0	0	0	0.045487106017192	0.0075214899713467	0	0	0
Turbo	0.224945926459986	0.187815428983417	0.0396539293439077	0.0277577505407354	0.0428983417447729	0.0457822638788753	0	0	0	0	0	0	0	0	0.0861571737563086	0.00612833453496756	0	0	0
Uribia	0.298723404255319	0.302978723404255	0.0374468085106383	0.0493617021276596	0.08	0.0731914893617021	0	0	0	0	0	0	0	0	0.0868085106382979	0.0127659574468085	0	0	0
Valle del Cauca	0.172566371681416	0.117104058590174	0.0159444613976198	0.0142660970399756	0.0202166615807141	0.0225816295392127	0	0	0	0	0	0	0	0	0.0575221238938053	0.00289899298138541	0	0	0
Valledupar	0.215603584607275	0.179230363732209	0.0270163415919873	0.018450184501845	0.0357142857142857	0.0355824986821297	0	0	0	0	0	0	0	0	0.0681338956246705	0.00553505535055351	0	0	0
Vaupés	0.14804469273743	0.136871508379888	0.0307262569832402	0.0391061452513966	0.0726256983240224	0.0418994413407821	0	0	0	0	0	0	0	0	0.0837988826815642	0.00837988826815642	0	0	0
Vichada	0.188212927756654	0.144486692015209	0.0152091254752852	0.0133079847908745	0.0304182509505703	0.0285171102661597	0	0	0	0	0	0	0	0	0.0665399239543726	0.00760456273764259	0	0	0
Villavicencio	0.172191079697782	0.121618328052644	0.0159639288325615	0.0131611016329515	0.0236412381184499	0.0282719961004143	0	0	0	0	0	0	0	0	0.0537411650012186	0.00414330977333658	0	0	0
Yopal	0.131791483113069	0.0976505139500734	0.013215859030837	0.00991189427312775	0.0183553597650514	0.0249632892804699	0	0	0	0	0	0	0	0	0.0561674008810573	0.00587371512481645	0	0	0
Zipaquirá	0.139482564679415	0.0883014623172104	0.00843644544431946	0.00956130483689539	0.0168728908886389	0.0179977502812148	0	0	0	0	0	0	0	0	0.0449943757030371	0.00674915635545557	0	0	0
