ENTIDAD	EduDad	EduMom	floors	walls	sanitary	OverCr	dvd	cellPhone	fridge	washMach	heater	microWave	soundEqui	car	books	SEXO	ZONA	SECTOR	INSE
Antioquia	0.161209068010076	0.0931989924433249	0.00818639798488665	0.0113350125944584	0.0182619647355164	0.0207808564231738	0	0	0	0	0	0	0	0	0.0535264483627204	0.00188916876574307	0	0	0
Apartadó	0.0818181818181818	0.0454545454545455	0.0181818181818182	0.00909090909090909	0.0181818181818182	0.0363636363636364	0	0	0	0	0	0	0	0	0.0727272727272727	0	0	0	0
Arauca	0.127931769722815	0.0660980810234542	0.00639658848614072	0.00639658848614072	0.0127931769722814	0.0170575692963753	0	0	0	0	0	0	0	0	0.0319829424307036	0.00213219616204691	0	0	0
Atlántico	0.125386996904025	0.105263157894737	0.0356037151702786	0.0278637770897833	0.0417956656346749	0.0356037151702786	0	0	0	0	0	0	0	0	0.0588235294117647	0.00619195046439629	0	0	0
Barranquilla	0.178731009830206	0.142091152815013	0.0169794459338695	0.0142984807864164	0.0232350312779267	0.031277926720286	0	0	0	0	0	0	0	0	0.0625558534405719	0.00804289544235925	0	0	0
Bello	0.110294117647059	0.0661764705882353	0.0110294117647059	0.00367647058823529	0.00367647058823529	0.0110294117647059	0	0	0	0	0	0	0	0	0.0477941176470588	0	0	0	0
Bogotá, D.C.	0.141050583657588	0.0849546044098573	0.0111867704280156	0.00778210116731518	0.0165369649805447	0.0192931258106355	0	0	0	0	0	0	0	0	0.0536640726329442	0.00372892347600519	0	0	0
Bolívar	0.172289156626506	0.130120481927711	0.0144578313253012	0.0168674698795181	0.0313253012048193	0.0493975903614458	0	0	0	0	0	0	0	0	0.0662650602409639	0.00240963855421687	0	0	0
Boyacá	0.0841463414634146	0.0463414634146341	0.00731707317073171	0.0048780487804878	0.0158536585365854	0.0170731707317073	0	0	0	0	0	0	0	0	0.0414634146341463	0.00121951219512195	0	0	0
Bucaramanga	0.0958083832335329	0.0598802395209581	0.00598802395209581	0.0119760479041916	0	0.029940119760479	0	0	0	0	0	0	0	0	0.0419161676646707	0.00598802395209581	0	0	0
Buenaventura	0.121212121212121	0.108225108225108	0.0216450216450216	0.012987012987013	0.0216450216450216	0.0216450216450216	0	0	0	0	0	0	0	0	0.038961038961039	0	0	0	0
Buga	0.134615384615385	0.115384615384615	0.0384615384615385	0.0192307692307692	0.0192307692307692	0.0769230769230769	0	0	0	0	0	0	0	0	0.0961538461538462	0.0192307692307692	0	0	0
Caldas	0.138228941684665	0.0734341252699784	0.00431965442764579	0.00215982721382289	0.00215982721382289	0.00215982721382289	0	0	0	0	0	0	0	0	0.0431965442764579	0.00215982721382289	0	0	0
Cali	0.154864328259431	0.116479152878888	0.0165453342157512	0.0119126406353408	0.0178689609530112	0.0191925876902713	0	0	0	0	0	0	0	0	0.0681667769688948	0.000661813368630046	0	0	0
Caquetá	0.133704735376045	0.0974930362116992	0.0194986072423398	0.0222841225626741	0.0278551532033426	0.0222841225626741	0	0	0	0	0	0	0	0	0.0947075208913649	0.00278551532033426	0	0	0
Cartagena	0.137318255250404	0.113085621970921	0.024232633279483	0.00969305331179321	0.0274636510500808	0.037156704361874	0	0	0	0	0	0	0	0	0.0678513731825525	0.00323101777059774	0	0	0
Cartago	0.201388888888889	0.138888888888889	0.0277777777777778	0.0277777777777778	0.0486111111111111	0.0625	0	0	0	0	0	0	0	0	0.104166666666667	0	0	0	0
Casanare	0.203636363636364	0.116363636363636	0.0218181818181818	0.00727272727272727	0.0218181818181818	0.0327272727272727	0	0	0	0	0	0	0	0	0.0727272727272727	0.00727272727272727	0	0	0
Cauca	0.121367521367521	0.0786324786324786	0.0256410256410256	0.0205128205128205	0.0307692307692308	0.0239316239316239	0	0	0	0	0	0	0	0	0.0837606837606838	0.0102564102564103	0	0	0
Cesar	0.133093525179856	0.0953237410071942	0.0107913669064748	0.0143884892086331	0.0161870503597122	0.0179856115107914	0	0	0	0	0	0	0	0	0.0845323741007194	0.00179856115107914	0	0	0
Chía	0	0	0	0	0	0	0	0	0	0	0	0	0	0	0.142857142857143	0	0	0	0
Chocó	0.26046511627907	0.176744186046512	0.0186046511627907	0.0186046511627907	0.0325581395348837	0.0604651162790698	0	0	0	0	0	0	0	0	0.0930232558139535	0.013953488372093	0	0	0
Ciénaga	0.0545454545454545	0.0545454545454545	0	0	0.0181818181818182	0.0181818181818182	0	0	0	0	0	0	0	0	0.109090909090909	0	0	0	0
Córdoba	0.112052730696798	0.0828625235404896	0.012241054613936	0.0188323917137476	0.0225988700564972	0.0301318267419962	0	0	0	0	0	0	0	0	0.0668549905838041	0.00470809792843691	0	0	0
Cúcuta	0.119402985074627	0.082089552238806	0.00746268656716418	0.00746268656716418	0.00746268656716418	0	0	0	0	0	0	0	0	0	0.0447761194029851	0	0	0	0
Cundinamarca	0.0926108374384236	0.0669950738916256	0.00985221674876847	0.0108374384236453	0.0137931034482759	0.0187192118226601	0	0	0	0	0	0	0	0	0.0541871921182266	0.00295566502463054	0	0	0
Dosquebradas	0.12987012987013	0.0649350649350649	0	0	0	0.00865800865800866	0	0	0	0	0	0	0	0	0.0432900432900433	0.00432900432900433	0	0	0
Duitama	0.09375	0.06640625	0.0078125	0.00390625	0.015625	0.01171875	0	0	0	0	0	0	0	0	0.03125	0.00390625	0	0	0
Envigado	0.222222222222222	0.148148148148148	0.0185185185185185	0	0	0.037037037037037	0	0	0	0	0	0	0	0	0.0185185185185185	0	0	0	0
Facatativá	0.0859375	0.0546875	0.0078125	0	0.0078125	0.015625	0	0	0	0	0	0	0	0	0.046875	0.015625	0	0	0
Girardot	0.125	0.075	0	0.025	0.025	0.025	0	0	0	0	0	0	0	0	0.05	0.025	0	0	0
Girón	0.087431693989071	0.0437158469945355	0.0109289617486339	0	0.00546448087431694	0.00546448087431694	0	0	0	0	0	0	0	0	0.0819672131147541	0	0	0	0
Guainía	0.125	0.125	0.0416666666666667	0	0.0833333333333333	0	0	0	0	0	0	0	0	0	0	0	0	0	0
Guaviare	0.352941176470588	0.294117647058824	0.117647058823529	0.117647058823529	0.117647058823529	0.117647058823529	0	0	0	0	0	0	0	0	0.176470588235294	0	0	0	0
Huila	0.111635220125786	0.089622641509434	0.0330188679245283	0.0314465408805031	0.0440251572327044	0.0566037735849057	0	0	0	0	0	0	0	0	0.0738993710691824	0.0172955974842767	0	0	0
Ibagué	0.113486842105263	0.0723684210526316	0.0131578947368421	0.00657894736842105	0.0164473684210526	0.0131578947368421	0	0	0	0	0	0	0	0	0.0855263157894737	0	0	0	0
Ipiales	0.0674846625766871	0.0368098159509202	0.0122699386503067	0	0.0184049079754601	0.0122699386503067	0	0	0	0	0	0	0	0	0.0613496932515337	0	0	0	0
Itagüí	0.216358839050132	0.12664907651715	0.0131926121372032	0.0079155672823219	0.0158311345646438	0.0079155672823219	0	0	0	0	0	0	0	0	0.050131926121372	0.00527704485488127	0	0	0
Jamundí	0.0769230769230769	0.0769230769230769	0	0	0	0	0	0	0	0	0	0	0	0	0.0769230769230769	0	0	0	0
La Guajira	0.135076252723312	0.119825708061002	0.00871459694989107	0.0152505446623094	0.0239651416122004	0.0152505446623094	0	0	0	0	0	0	0	0	0.0631808278867102	0	0	0	0
Lorica	0.0769230769230769	0.0923076923076923	0	0.0307692307692308	0.0153846153846154	0.0769230769230769	0	0	0	0	0	0	0	0	0.0615384615384615	0	0	0	0
Magangué	0.104602510460251	0.117154811715481	0.00836820083682008	0.00418410041841004	0.0209205020920502	0.0167364016736402	0	0	0	0	0	0	0	0	0.0627615062761506	0.00836820083682008	0	0	0
Magdalena	0.12792511700468	0.113884555382215	0.0296411856474259	0.0296411856474259	0.0358814352574103	0.046801872074883	0	0	0	0	0	0	0	0	0.0748829953198128	0.0031201248049922	0	0	0
Maicao	0.0555555555555556	0.166666666666667	0	0	0	0.0555555555555556	0	0	0	0	0	0	0	0	0.111111111111111	0	0	0	0
Malambo	0.191176470588235	0.117647058823529	0.0588235294117647	0.0441176470588235	0.0441176470588235	0.0588235294117647	0	0	0	0	0	0	0	0	0.0735294117647059	0	0	0	0
Manizales	0.195652173913043	0.0978260869565217	0.0108695652173913	0.00543478260869565	0	0.0217391304347826	0	0	0	0	0	0	0	0	0.0271739130434783	0	0	0	0
Medellín	0.149747616376893	0.0863712843522154	0.0190689848569826	0.0151430173864274	0.0280426247896803	0.0201906898485698	0	0	0	0	0	0	0	0	0.0644980370162647	0.00336511497476164	0	0	0
Meta	0.122681883024251	0.0884450784593438	0.0171184022824536	0.0114122681883024	0.0242510699001427	0.0342368045649073	0	0	0	0	0	0	0	0	0.0656205420827389	0.0014265335235378	0	0	0
Montería	0.21563981042654	0.187203791469194	0.014218009478673	0.0213270142180095	0.033175355450237	0.028436018957346	0	0	0	0	0	0	0	0	0.0758293838862559	0.00710900473933649	0	0	0
Mosquera	0.0782608695652174	0.104347826086957	0.0173913043478261	0.00869565217391304	0.0347826086956522	0.0434782608695652	0	0	0	0	0	0	0	0	0.0434782608695652	0	0	0	0
Nariño	0.0911458333333333	0.0442708333333333	0.0130208333333333	0.0078125	0.015625	0.0104166666666667	0	0	0	0	0	0	0	0	0.0703125	0	0	0	0
Neiva	0.0772727272727273	0.05	0.00909090909090909	0.00454545454545455	0.00909090909090909	0.0227272727272727	0	0	0	0	0	0	0	0	0.0545454545454545	0	0	0	0
Norte de Santander	0.124161073825503	0.0894854586129754	0.0145413870246085	0.0134228187919463	0.023489932885906	0.0156599552572707	0	0	0	0	0	0	0	0	0.0592841163310962	0.00223713646532438	0	0	0
Palmira	0.122448979591837	0.076530612244898	0.00510204081632653	0	0	0.00510204081632653	0	0	0	0	0	0	0	0	0.0510204081632653	0	0	0	0
Pasto	0.125	0.0657894736842105	0.00657894736842105	0.00657894736842105	0.0131578947368421	0.00657894736842105	0	0	0	0	0	0	0	0	0.0460526315789474	0.00657894736842105	0	0	0
Pereira	0.2	0.109756097560976	0.00731707317073171	0.0121951219512195	0.024390243902439	0.0219512195121951	0	0	0	0	0	0	0	0	0.0560975609756098	0.0024390243902439	0	0	0
Piedecuesta	0.100917431192661	0.055045871559633	0.00917431192660551	0.00917431192660551	0.00917431192660551	0.0275229357798165	0	0	0	0	0	0	0	0	0.055045871559633	0.00917431192660551	0	0	0
Pitalito	0.0857142857142857	0.0285714285714286	0.00714285714285714	0	0.0142857142857143	0.00714285714285714	0	0	0	0	0	0	0	0	0.0857142857142857	0	0	0	0
Popayán	0.13953488372093	0.0959302325581395	0.0232558139534884	0.00872093023255814	0.0232558139534884	0.0261627906976744	0	0	0	0	0	0	0	0	0.0726744186046512	0.00581395348837209	0	0	0
Putumayo	0.113989637305699	0.077720207253886	0.0077720207253886	0.0103626943005181	0.0310880829015544	0.0310880829015544	0	0	0	0	0	0	0	0	0.0518134715025907	0.00259067357512953	0	0	0
Quibdó	0.23728813559322	0.11864406779661	0.0338983050847458	0	0.0169491525423729	0.0508474576271186	0	0	0	0	0	0	0	0	0.0338983050847458	0	0	0	0
Quindío	0.140096618357488	0.0821256038647343	0.00966183574879227	0.00966183574879227	0.0193236714975845	0.0434782608695652	0	0	0	0	0	0	0	0	0.101449275362319	0.00966183574879227	0	0	0
Riohacha	0.0789473684210526	0.0263157894736842	0	0	0	0.0263157894736842	0	0	0	0	0	0	0	0	0.0263157894736842	0	0	0	0
Rionegro	0.121951219512195	0.0609756097560976	0.0121951219512195	0.0121951219512195	0.0121951219512195	0.0121951219512195	0	0	0	0	0	0	0	0	0.0609756097560976	0	0	0	0
Risaralda	0.114864864864865	0.0878378378378378	0.0202702702702703	0.00675675675675676	0.0135135135135135	0.00675675675675676	0	0	0	0	0	0	0	0	0.027027027027027	0.00675675675675676	0	0	0
San Andrés	0.1	0.1	0	0.025	0	0	0	0	0	0	0	0	0	0	0.025	0	0	0	0
Santa Marta	0.140625	0.119791666666667	0.0234375	0.015625	0.0364583333333333	0.046875	0	0	0	0	0	0	0	0	0.0677083333333333	0.00260416666666667	0	0	0
Santander	0.0742049469964664	0.0424028268551237	0.00530035335689046	0.00706713780918728	0.0123674911660777	0.0123674911660777	0	0	0	0	0	0	0	0	0.0618374558303887	0	0	0	0
Sincelejo	0.121428571428571	0.0821428571428571	0.00357142857142857	0.00714285714285714	0.0107142857142857	0.025	0	0	0	0	0	0	0	0	0.0821428571428571	0.00357142857142857	0	0	0
Soacha	0.122641509433962	0.0534591194968553	0.00628930817610063	0.00471698113207547	0.0125786163522013	0.020440251572327	0	0	0	0	0	0	0	0	0.0408805031446541	0	0	0	0
Soledad	0.0962962962962963	0.1	0.0037037037037037	0.00740740740740741	0.0185185185185185	0.0185185185185185	0	0	0	0	0	0	0	0	0.0518518518518519	0	0	0	0
Sucre	0.106425702811245	0.0823293172690763	0.0220883534136546	0.0120481927710843	0.034136546184739	0.0321285140562249	0	0	0	0	0	0	0	0	0.0783132530120482	0.00602409638554217	0	0	0
Tolima	0.153301886792453	0.117924528301887	0.035377358490566	0.0330188679245283	0.0471698113207547	0.0542452830188679	0	0	0	0	0	0	0	0	0.0966981132075472	0.00943396226415094	0	0	0
Tuluá	0.25	0.2	0.05	0	0	0	0	0	0	0	0	0	0	0	0	0	0	0	0
Tumaco	0.16793893129771	0.122137404580153	0.0229007633587786	0.00763358778625954	0.0229007633587786	0.0305343511450382	0	0	0	0	0	0	0	0	0.0534351145038168	0	0	0	0
Tunja	0.154666666666667	0.101333333333333	0.0106666666666667	0.008	0.0133333333333333	0.0293333333333333	0	0	0	0	0	0	0	0	0.0506666666666667	0.008	0	0	0
Turbo	0.212041884816754	0.204188481675393	0.0654450261780105	0.0366492146596859	0.0602094240837696	0.0654450261780105	0	0	0	0	0	0	0	0	0.0994764397905759	0.00785340314136126	0	0	0
Uribia	0.131313131313131	0.161616161616162	0.0202020202020202	0	0.0404040404040404	0.0606060606060606	0	0	0	0	0	0	0	0	0.0707070707070707	0.0101010101010101	0	0	0
Valle del Cauca	0.143965517241379	0.101724137931034	0.021551724137931	0.0172413793103448	0.028448275862069	0.021551724137931	0	0	0	0	0	0	0	0	0.053448275862069	0.00172413793103448	0	0	0
Valledupar	0.10865561694291	0.0902394106813996	0.0220994475138122	0.0128913443830571	0.0147329650092081	0.0257826887661142	0	0	0	0	0	0	0	0	0.0718232044198895	0.00552486187845304	0	0	0
Vaupés	0.0689655172413793	0.0862068965517241	0	0.0172413793103448	0.0172413793103448	0.0172413793103448	0	0	0	0	0	0	0	0	0.0517241379310345	0	0	0	0
Villavicencio	0.161214953271028	0.100467289719626	0.0163551401869159	0.0163551401869159	0.0233644859813084	0.0257009345794393	0	0	0	0	0	0	0	0	0.0467289719626168	0.00467289719626168	0	0	0
Yopal	0.142857142857143	0.0974025974025974	0.0292207792207792	0.0162337662337662	0.0292207792207792	0.0292207792207792	0	0	0	0	0	0	0	0	0.0811688311688312	0.012987012987013	0	0	0
