ID_INST	EduDad	EduMom	floors	walls	sanitary	OverCr	dvd	cellPhone	fridge	washMach	heater	microWave	soundEqui	car	books	SEXO	ZONA	SECTOR	INSE
105001000141	0.0810810810810811	0.0810810810810811	0	0	0.027027027027027	0	0	0	0	0	0	0	0	0	0.0540540540540541	0	0	0	0
105001000353	0.224806201550388	0.10077519379845	0.0232558139534884	0.0155038759689922	0.0310077519379845	0.0155038759689922	0	0	0	0	0	0	0	0	0.0542635658914729	0	0	0	0
105001000418	0.166666666666667	0.104166666666667	0.0208333333333333	0	0.0208333333333333	0.0104166666666667	0	0	0	0	0	0	0	0	0.09375	0	0	0	0
105001001279	0.10752688172043	0.0860215053763441	0.021505376344086	0.0537634408602151	0.0537634408602151	0.021505376344086	0	0	0	0	0	0	0	0	0.0537634408602151	0.010752688172043	0	0	0
105001001317	0.103448275862069	0.0689655172413793	0.0344827586206897	0.0517241379310345	0.0172413793103448	0.0344827586206897	0	0	0	0	0	0	0	0	0.0862068965517241	0	0	0	0
105001002003	0.192307692307692	0.0961538461538462	0	0.0192307692307692	0.0384615384615385	0.0192307692307692	0	0	0	0	0	0	0	0	0.0576923076923077	0	0	0	0
105001002526	0.125	0.0760869565217391	0.0271739130434783	0.016304347826087	0.0434782608695652	0.0271739130434783	0	0	0	0	0	0	0	0	0.0489130434782609	0.00543478260869565	0	0	0
105001002798	0.24	0.08	0.04	0	0	0	0	0	0	0	0	0	0	0	0	0	0	0	0
105001002976	0.128571428571429	0.0142857142857143	0	0.0142857142857143	0.0285714285714286	0.0142857142857143	0	0	0	0	0	0	0	0	0.0428571428571429	0	0	0	0
105001003131	0.3	0.15	0	0	0	0	0	0	0	0	0	0	0	0	0.05	0	0	0	0
105001003221	0.0789473684210526	0.0526315789473684	0.0263157894736842	0.0263157894736842	0	0	0	0	0	0	0	0	0	0	0.105263157894737	0	0	0	0
105001005410	0.225	0.075	0.025	0	0.025	0.025	0	0	0	0	0	0	0	0	0.05	0	0	0	0
105001007188	0.109090909090909	0.0181818181818182	0	0.0181818181818182	0.0363636363636364	0.0181818181818182	0	0	0	0	0	0	0	0	0.181818181818182	0	0	0	0
105001008389	0.13265306122449	0.0918367346938776	0.0510204081632653	0.0510204081632653	0.0816326530612245	0.0612244897959184	0	0	0	0	0	0	0	0	0.102040816326531	0	0	0	0
105001010111	0.134615384615385	0.0192307692307692	0.0192307692307692	0	0	0	0	0	0	0	0	0	0	0	0.0576923076923077	0	0	0	0
105001012696	0.160714285714286	0.0982142857142857	0.0267857142857143	0.0178571428571429	0.0357142857142857	0.0267857142857143	0	0	0	0	0	0	0	0	0.0982142857142857	0.00892857142857143	0	0	0
105001014052	0.227848101265823	0.189873417721519	0.0126582278481013	0.0126582278481013	0.0253164556962025	0.0126582278481013	0	0	0	0	0	0	0	0	0.0379746835443038	0.0126582278481013	0	0	0
105001014397	0.206896551724138	0.137931034482759	0.0172413793103448	0	0	0.0172413793103448	0	0	0	0	0	0	0	0	0	0.0172413793103448	0	0	0
105001017132	0.122448979591837	0.0816326530612245	0	0	0	0	0	0	0	0	0	0	0	0	0.142857142857143	0.0204081632653061	0	0	0
105001017876	0.129032258064516	0.0967741935483871	0.032258064516129	0	0.0645161290322581	0.032258064516129	0	0	0	0	0	0	0	0	0.032258064516129	0	0	0	0
105001019925	0.133333333333333	0.0933333333333333	0.0266666666666667	0	0.0133333333333333	0.0266666666666667	0	0	0	0	0	0	0	0	0.0933333333333333	0	0	0	0
105001021547	0.0892857142857143	0.0714285714285714	0	0	0	0	0	0	0	0	0	0	0	0	0.0178571428571429	0	0	0	0
105001021873	0.195402298850575	0.149425287356322	0.0344827586206897	0.0229885057471264	0.0459770114942529	0.0574712643678161	0	0	0	0	0	0	0	0	0.0804597701149425	0	0	0	0
105021000139	0.0555555555555556	0	0	0	0	0	0	0	0	0	0	0	0	0	0.111111111111111	0	0	0	0
105031010432	0.131578947368421	0.0526315789473684	0	0	0.0263157894736842	0	0	0	0	0	0	0	0	0	0.0789473684210526	0.0131578947368421	0	0	0
105040000212	0.156626506024096	0.0602409638554217	0	0	0	0.0120481927710843	0	0	0	0	0	0	0	0	0.0602409638554217	0	0	0	0
105045001667	0.0818181818181818	0.0454545454545455	0.0181818181818182	0.00909090909090909	0.0181818181818182	0.0363636363636364	0	0	0	0	0	0	0	0	0.0727272727272727	0	0	0	0
105088000389	0.0425531914893617	0	0	0	0	0	0	0	0	0	0	0	0	0	0.0638297872340425	0	0	0	0
105088001555	0.135802469135802	0.0617283950617284	0.0123456790123457	0.0123456790123457	0	0	0	0	0	0	0	0	0	0	0.0246913580246914	0	0	0	0
105088001806	0.142857142857143	0.0952380952380952	0.0476190476190476	0	0	0	0	0	0	0	0	0	0	0	0.0714285714285714	0	0	0	0
105088002993	0.107843137254902	0.0882352941176471	0	0	0.00980392156862745	0.0294117647058824	0	0	0	0	0	0	0	0	0.0490196078431373	0	0	0	0
105172000629	0.130841121495327	0.121495327102804	0.0186915887850467	0.00934579439252336	0.00934579439252336	0	0	0	0	0	0	0	0	0	0.0280373831775701	0	0	0	0
105172001463	0.0918367346938776	0.0204081632653061	0	0	0	0.0102040816326531	0	0	0	0	0	0	0	0	0.0306122448979592	0	0	0	0
105250000975	0.19047619047619	0.166666666666667	0.00793650793650794	0.0158730158730159	0.0238095238095238	0.0396825396825397	0	0	0	0	0	0	0	0	0.0873015873015873	0	0	0	0
105266000282	0.19047619047619	0.0476190476190476	0.0476190476190476	0	0	0	0	0	0	0	0	0	0	0	0	0	0	0	0
105266001203	0.242424242424242	0.212121212121212	0	0	0	0.0606060606060606	0	0	0	0	0	0	0	0	0.0303030303030303	0	0	0	0
105318000049	0.125	0.0568181818181818	0	0.0227272727272727	0.0113636363636364	0.0113636363636364	0	0	0	0	0	0	0	0	0.0454545454545455	0.0113636363636364	0	0	0
105360000083	0.0697674418604651	0.0116279069767442	0.0116279069767442	0.0116279069767442	0.0232558139534884	0	0	0	0	0	0	0	0	0	0.0697674418604651	0.0116279069767442	0	0	0
105360000318	0.491228070175439	0.368421052631579	0.0175438596491228	0	0	0	0	0	0	0	0	0	0	0	0	0	0	0	0
105360000415	0.149253731343284	0.0447761194029851	0.0149253731343284	0	0.0149253731343284	0.0149253731343284	0	0	0	0	0	0	0	0	0	0	0	0	0
105360000431	0.222222222222222	0.133333333333333	0.0222222222222222	0	0	0	0	0	0	0	0	0	0	0	0.155555555555556	0	0	0	0
105360001063	0.136363636363636	0.136363636363636	0.0227272727272727	0	0.0454545454545455	0.0227272727272727	0	0	0	0	0	0	0	0	0.0681818181818182	0.0227272727272727	0	0	0
105360001179	0.275	0.1375	0	0.025	0.0125	0.0125	0	0	0	0	0	0	0	0	0.0375	0	0	0	0
105400000189	0.0930232558139535	0.0232558139534884	0	0	0	0	0	0	0	0	0	0	0	0	0.0232558139534884	0	0	0	0
105440000467	0.101910828025478	0.0509554140127389	0	0.0127388535031847	0	0.0254777070063694	0	0	0	0	0	0	0	0	0.0509554140127389	0	0	0	0
105579000186	0.170454545454545	0.102272727272727	0	0.0454545454545455	0	0.0227272727272727	0	0	0	0	0	0	0	0	0.0340909090909091	0	0	0	0
105667000013	0.166666666666667	0.0909090909090909	0.0303030303030303	0.0151515151515152	0.0606060606060606	0.0151515151515152	0	0	0	0	0	0	0	0	0.0606060606060606	0	0	0	0
105837001150	0.14018691588785	0.130841121495327	0.0467289719626168	0.0186915887850467	0.0467289719626168	0.0373831775700935	0	0	0	0	0	0	0	0	0.0841121495327103	0	0	0	0
105837003870	0.194029850746269	0.17910447761194	0.119402985074627	0.0597014925373134	0.0447761194029851	0.0895522388059701	0	0	0	0	0	0	0	0	0.119402985074627	0.0149253731343284	0	0	0
105837006097	0.242857142857143	0.228571428571429	0.0571428571428571	0.0428571428571429	0.0857142857142857	0.1	0	0	0	0	0	0	0	0	0.157142857142857	0.0142857142857143	0	0	0
105854000302	0.369565217391304	0.260869565217391	0	0	0.0217391304347826	0.0217391304347826	0	0	0	0	0	0	0	0	0.0434782608695652	0.0217391304347826	0	0	0
105861000199	0.148148148148148	0.111111111111111	0.037037037037037	0	0.0185185185185185	0.037037037037037	0	0	0	0	0	0	0	0	0.0555555555555556	0	0	0	0
105887000600	0.236220472440945	0.110236220472441	0	0.0078740157480315	0.015748031496063	0	0	0	0	0	0	0	0	0	0.047244094488189	0	0	0	0
108001000093	0.162162162162162	0.0540540540540541	0	0	0	0.027027027027027	0	0	0	0	0	0	0	0	0.108108108108108	0	0	0	0
108001000824	0.0350877192982456	0.0526315789473684	0	0	0.0175438596491228	0.0350877192982456	0	0	0	0	0	0	0	0	0.0701754385964912	0	0	0	0
108001001723	0.239583333333333	0.1875	0.0416666666666667	0.0520833333333333	0.0625	0.0729166666666667	0	0	0	0	0	0	0	0	0.09375	0.0208333333333333	0	0	0
108001002339	0.306451612903226	0.17741935483871	0	0	0	0	0	0	0	0	0	0	0	0	0.032258064516129	0	0	0	0
108001003297	0.173913043478261	0.217391304347826	0.0434782608695652	0	0.0434782608695652	0	0	0	0	0	0	0	0	0	0	0	0	0	0
108001003611	0.191176470588235	0.176470588235294	0.0147058823529412	0	0.0147058823529412	0.0147058823529412	0	0	0	0	0	0	0	0	0.0588235294117647	0	0	0	0
108001003688	0.326086956521739	0.25	0	0	0.0108695652173913	0.0217391304347826	0	0	0	0	0	0	0	0	0.0543478260869565	0.0108695652173913	0	0	0
108001003700	0.5	0.125	0	0	0	0	0	0	0	0	0	0	0	0	0.375	0	0	0	0
108001003734	0.134146341463415	0.134146341463415	0.0121951219512195	0	0.0121951219512195	0	0	0	0	0	0	0	0	0	0.024390243902439	0	0	0	0
108001004731	0.0952380952380952	0.0952380952380952	0.0238095238095238	0	0	0	0	0	0	0	0	0	0	0	0.0714285714285714	0.0238095238095238	0	0	0
108001006687	0.229166666666667	0.1875	0.0208333333333333	0.0208333333333333	0.0416666666666667	0.0625	0	0	0	0	0	0	0	0	0.0416666666666667	0	0	0	0
108001008043	0.0967741935483871	0.0645161290322581	0.032258064516129	0	0	0.0645161290322581	0	0	0	0	0	0	0	0	0.032258064516129	0	0	0	0
108001009988	0.3	0.275	0	0	0.025	0.05	0	0	0	0	0	0	0	0	0.025	0	0	0	0
108001010391	0.857142857142857	0.714285714285714	0.714285714285714	0.714285714285714	0.857142857142857	0.857142857142857	0	0	0	0	0	0	0	0	0.857142857142857	0.428571428571429	0	0	0
108001012644	0.0235294117647059	0.0235294117647059	0	0.0235294117647059	0.0117647058823529	0.0117647058823529	0	0	0	0	0	0	0	0	0.0470588235294118	0.0117647058823529	0	0	0
108001016593	0.0735294117647059	0.0294117647058824	0	0	0	0	0	0	0	0	0	0	0	0	0.0294117647058824	0	0	0	0
108001018464	0.176470588235294	0.205882352941176	0.0294117647058824	0	0.0294117647058824	0.0294117647058824	0	0	0	0	0	0	0	0	0.117647058823529	0	0	0	0
108001074011	0.0666666666666667	0.0666666666666667	0	0	0	0.0333333333333333	0	0	0	0	0	0	0	0	0.0666666666666667	0.0166666666666667	0	0	0
108001074488	0.5	0.357142857142857	0	0	0	0.0238095238095238	0	0	0	0	0	0	0	0	0.0476190476190476	0	0	0	0
108001078645	0.129032258064516	0.129032258064516	0.0645161290322581	0.032258064516129	0.032258064516129	0.032258064516129	0	0	0	0	0	0	0	0	0	0	0	0	0
108078000011	0.116883116883117	0.0649350649350649	0.012987012987013	0	0.025974025974026	0	0	0	0	0	0	0	0	0	0	0	0	0	0
108372000011	0.123893805309735	0.115044247787611	0.00884955752212389	0.00884955752212389	0.0176991150442478	0.00884955752212389	0	0	0	0	0	0	0	0	0.0176991150442478	0.00884955752212389	0	0	0
108421000234	0.275	0.2875	0.1375	0.0875	0.1125	0.1125	0	0	0	0	0	0	0	0	0.15	0.0375	0	0	0
108433000779	0.108108108108108	0.0540540540540541	0.027027027027027	0.027027027027027	0	0	0	0	0	0	0	0	0	0	0.027027027027027	0	0	0	0
108433001139	0.290322580645161	0.193548387096774	0.0967741935483871	0.0645161290322581	0.0967741935483871	0.129032258064516	0	0	0	0	0	0	0	0	0.129032258064516	0	0	0	0
108520000041	0.0558375634517767	0.0355329949238579	0.0101522842639594	0.0050761421319797	0.0203045685279188	0.0152284263959391	0	0	0	0	0	0	0	0	0.0456852791878173	0	0	0	0
108549000075	0	0	0	0.0344827586206897	0	0	0	0	0	0	0	0	0	0	0.0689655172413793	0	0	0	0
108606000036	0.1	0.0333333333333333	0.0333333333333333	0	0	0.0333333333333333	0	0	0	0	0	0	0	0	0.133333333333333	0	0	0	0
108606000125	0.235294117647059	0.2	0.0823529411764706	0.0941176470588235	0.117647058823529	0.0823529411764706	0	0	0	0	0	0	0	0	0.0823529411764706	0	0	0	0
108758000023	0.0454545454545455	0.053030303030303	0.00757575757575758	0.00757575757575758	0.0227272727272727	0.0151515151515152	0	0	0	0	0	0	0	0	0.0378787878787879	0	0	0	0
108758000490	0.128205128205128	0.141025641025641	0	0	0	0.0256410256410256	0	0	0	0	0	0	0	0	0.0769230769230769	0	0	0	0
111001006483	0.1	0.05	0.03	0.02	0.04	0.04	0	0	0	0	0	0	0	0	0.05	0	0	0	0
111001010251	0.178899082568807	0.0917431192660551	0.0137614678899083	0.00917431192660551	0.018348623853211	0.0137614678899083	0	0	0	0	0	0	0	0	0.0642201834862385	0.00458715596330275	0	0	0
111001011088	0.19047619047619	0.0952380952380952	0	0	0	0.0317460317460317	0	0	0	0	0	0	0	0	0.0317460317460317	0	0	0	0
111001011690	0.161290322580645	0.129032258064516	0.0129032258064516	0.0193548387096774	0.0129032258064516	0.0580645161290323	0	0	0	0	0	0	0	0	0.0451612903225806	0	0	0	0
111001012360	0.175925925925926	0.0925925925925926	0.00925925925925926	0	0.0185185185185185	0.0277777777777778	0	0	0	0	0	0	0	0	0.0462962962962963	0	0	0	0
111001012459	0.108433734939759	0.0240963855421687	0.0120481927710843	0	0	0.0240963855421687	0	0	0	0	0	0	0	0	0.108433734939759	0	0	0	0
111001013102	0.105263157894737	0.0300751879699248	0	0	0	0.0075187969924812	0	0	0	0	0	0	0	0	0.0601503759398496	0	0	0	0
111001013293	0.188679245283019	0.0566037735849057	0.0377358490566038	0.0188679245283019	0.0188679245283019	0.0566037735849057	0	0	0	0	0	0	0	0	0.0566037735849057	0	0	0	0
111001014176	0.133928571428571	0.0535714285714286	0	0.00892857142857143	0.0178571428571429	0	0	0	0	0	0	0	0	0	0.0446428571428571	0	0	0	0
111001016101	0.131313131313131	0.0707070707070707	0	0	0	0.0303030303030303	0	0	0	0	0	0	0	0	0	0	0	0	0
111001016136	0.0989010989010989	0.0659340659340659	0	0	0.021978021978022	0.010989010989011	0	0	0	0	0	0	0	0	0.0769230769230769	0	0	0	0
111001018201	0.157232704402516	0.0754716981132075	0.00628930817610063	0	0.00628930817610063	0.0188679245283019	0	0	0	0	0	0	0	0	0.0251572327044025	0.00628930817610063	0	0	0
111001018333	0.115384615384615	0.0576923076923077	0	0.0288461538461538	0.0192307692307692	0.0288461538461538	0	0	0	0	0	0	0	0	0.0769230769230769	0	0	0	0
111001019411	0.179640718562874	0.0479041916167665	0.029940119760479	0.0179640718562874	0.0359281437125748	0.0239520958083832	0	0	0	0	0	0	0	0	0.0838323353293413	0	0	0	0
111001020168	0.0760869565217391	0.0217391304347826	0	0	0	0	0	0	0	0	0	0	0	0	0	0	0	0	0
111001024643	0.196428571428571	0.0535714285714286	0.0357142857142857	0	0	0.0178571428571429	0	0	0	0	0	0	0	0	0.0535714285714286	0	0	0	0
111001024660	0.107142857142857	0.0803571428571429	0	0	0.0267857142857143	0.00892857142857143	0	0	0	0	0	0	0	0	0.0267857142857143	0	0	0	0
111001029955	0.138364779874214	0.0943396226415094	0.0314465408805031	0.0314465408805031	0.0188679245283019	0.0377358490566038	0	0	0	0	0	0	0	0	0.0880503144654088	0.0125786163522013	0	0	0
111001030848	0.126865671641791	0.0373134328358209	0.00746268656716418	0	0.00746268656716418	0	0	0	0	0	0	0	0	0	0.0373134328358209	0.00746268656716418	0	0	0
111001032280	0.150793650793651	0.0793650793650794	0.00793650793650794	0	0.00793650793650794	0.00793650793650794	0	0	0	0	0	0	0	0	0.0238095238095238	0	0	0	0
111001032409	0.212121212121212	0.181818181818182	0	0.0151515151515152	0.0454545454545455	0.0151515151515152	0	0	0	0	0	0	0	0	0.0757575757575758	0.0151515151515152	0	0	0
111001034045	0.144736842105263	0.0657894736842105	0	0	0.0263157894736842	0	0	0	0	0	0	0	0	0	0.105263157894737	0	0	0	0
111001035572	0.0725806451612903	0.0645161290322581	0.0161290322580645	0	0	0.032258064516129	0	0	0	0	0	0	0	0	0.0241935483870968	0	0	0	0
111001036625	0.147058823529412	0.0882352941176471	0.0441176470588235	0.0147058823529412	0.0588235294117647	0.0441176470588235	0	0	0	0	0	0	0	0	0.0588235294117647	0.0294117647058824	0	0	0
111001045535	0.0975609756097561	0.0365853658536585	0.0121951219512195	0.0121951219512195	0.0121951219512195	0	0	0	0	0	0	0	0	0	0	0	0	0	0
111001046485	0.412371134020619	0.288659793814433	0.0309278350515464	0.0206185567010309	0.0309278350515464	0.0206185567010309	0	0	0	0	0	0	0	0	0.0206185567010309	0	0	0	0
111001046957	0.26530612244898	0.170068027210884	0.00680272108843537	0.0136054421768707	0.0136054421768707	0.0204081632653061	0	0	0	0	0	0	0	0	0.136054421768707	0.0136054421768707	0	0	0
111001047457	0.236842105263158	0.184210526315789	0.0789473684210526	0.0263157894736842	0.0526315789473684	0.0263157894736842	0	0	0	0	0	0	0	0	0.184210526315789	0.0263157894736842	0	0	0
111001077321	0.05	0.025	0	0	0	0	0	0	0	0	0	0	0	0	0	0	0	0	0
111001077917	0.104166666666667	0.0625	0	0.0208333333333333	0	0	0	0	0	0	0	0	0	0	0.0416666666666667	0.0208333333333333	0	0	0
111001078638	0.164383561643836	0.123287671232877	0.0273972602739726	0.0136986301369863	0.0273972602739726	0.0273972602739726	0	0	0	0	0	0	0	0	0.0684931506849315	0.0136986301369863	0	0	0
111001086614	0.0756302521008403	0.0504201680672269	0	0.0168067226890756	0.00840336134453781	0.0252100840336134	0	0	0	0	0	0	0	0	0.0252100840336134	0	0	0	0
111001086681	0.222222222222222	0.140740740740741	0	0	0.00740740740740741	0.0222222222222222	0	0	0	0	0	0	0	0	0.0666666666666667	0	0	0	0
111001086789	0.257142857142857	0.142857142857143	0.0285714285714286	0	0	0	0	0	0	0	0	0	0	0	0.0285714285714286	0	0	0	0
111001098825	0.0704225352112676	0.0845070422535211	0.0140845070422535	0.0140845070422535	0.0211267605633803	0.0211267605633803	0	0	0	0	0	0	0	0	0.0492957746478873	0.00704225352112676	0	0	0
111001102067	0.116279069767442	0.0232558139534884	0.0465116279069767	0.0232558139534884	0.0465116279069767	0.0232558139534884	0	0	0	0	0	0	0	0	0.0697674418604651	0	0	0	0
111001102091	0.173652694610778	0.0778443113772455	0.029940119760479	0.00598802395209581	0.0179640718562874	0.0179640718562874	0	0	0	0	0	0	0	0	0.0958083832335329	0.00598802395209581	0	0	0
111001102105	0.189473684210526	0.136842105263158	0	0	0	0.0210526315789474	0	0	0	0	0	0	0	0	0.0947368421052632	0	0	0	0
111001102156	0.192307692307692	0.134615384615385	0.0192307692307692	0.00961538461538462	0.0192307692307692	0.0192307692307692	0	0	0	0	0	0	0	0	0.0384615384615385	0	0	0	0
111001102199	0.126865671641791	0.0895522388059701	0.00746268656716418	0.0223880597014925	0.0223880597014925	0.0149253731343284	0	0	0	0	0	0	0	0	0.111940298507463	0.00746268656716418	0	0	0
111001104043	0.12987012987013	0.103896103896104	0.012987012987013	0	0.012987012987013	0.012987012987013	0	0	0	0	0	0	0	0	0.025974025974026	0	0	0	0
111001104051	0.0921052631578947	0.0526315789473684	0	0	0	0.0263157894736842	0	0	0	0	0	0	0	0	0.0131578947368421	0	0	0	0
111001104337	0.12280701754386	0.12280701754386	0.0087719298245614	0	0.0087719298245614	0.043859649122807	0	0	0	0	0	0	0	0	0.0263157894736842	0	0	0	0
111001104558	0.102739726027397	0.0616438356164384	0	0	0.0136986301369863	0.0273972602739726	0	0	0	0	0	0	0	0	0.0410958904109589	0	0	0	0
111102000265	0.287128712871287	0.217821782178218	0.0297029702970297	0	0.0693069306930693	0.0099009900990099	0	0	0	0	0	0	0	0	0.0495049504950495	0	0	0	0
111265000017	0.0892857142857143	0.0535714285714286	0	0	0.0178571428571429	0.0178571428571429	0	0	0	0	0	0	0	0	0.0357142857142857	0.0178571428571429	0	0	0
111279000125	0.122905027932961	0.106145251396648	0.0111731843575419	0.00558659217877095	0.0111731843575419	0.00558659217877095	0	0	0	0	0	0	0	0	0.0614525139664804	0	0	0	0
111279000184	0.1	0.025	0.0125	0.0125	0.025	0.0375	0	0	0	0	0	0	0	0	0.075	0.0125	0	0	0
111769003424	0.177033492822967	0.138755980861244	0.0143540669856459	0.00478468899521531	0.0191387559808612	0.0191387559808612	0	0	0	0	0	0	0	0	0.0669856459330144	0.00478468899521531	0	0	0
111769004188	0.130434782608696	0.108695652173913	0	0	0	0.0434782608695652	0	0	0	0	0	0	0	0	0.0217391304347826	0	0	0	0
111848002662	0.157303370786517	0.0561797752808989	0	0	0.0224719101123595	0	0	0	0	0	0	0	0	0	0.0561797752808989	0.0112359550561798	0	0	0
113001000771	0.134831460674157	0.112359550561798	0.0561797752808989	0.0449438202247191	0.0898876404494382	0.0337078651685393	0	0	0	0	0	0	0	0	0.123595505617978	0.0112359550561798	0	0	0
113001001816	0.106918238993711	0.0880503144654088	0.0188679245283019	0	0.0188679245283019	0.0628930817610063	0	0	0	0	0	0	0	0	0.0754716981132075	0	0	0	0
113001002120	0.222222222222222	0.148148148148148	0.0123456790123457	0	0.0123456790123457	0.037037037037037	0	0	0	0	0	0	0	0	0.037037037037037	0	0	0	0
113001007199	0.197916666666667	0.1875	0.03125	0.0104166666666667	0.0104166666666667	0.0104166666666667	0	0	0	0	0	0	0	0	0.0729166666666667	0.0104166666666667	0	0	0
113001012427	0.0925925925925926	0.0740740740740741	0.0185185185185185	0.0185185185185185	0.037037037037037	0.037037037037037	0	0	0	0	0	0	0	0	0.037037037037037	0	0	0	0
113001029893	0.109375	0.09375	0	0	0.015625	0.03125	0	0	0	0	0	0	0	0	0.046875	0	0	0	0
113006000761	0.150943396226415	0.150943396226415	0.0377358490566038	0.0188679245283019	0.0943396226415094	0.0377358490566038	0	0	0	0	0	0	0	0	0.0943396226415094	0	0	0	0
113052000130	0.0961538461538462	0.0192307692307692	0	0.0192307692307692	0	0.0576923076923077	0	0	0	0	0	0	0	0	0.0769230769230769	0	0	0	0
113052000431	0.0740740740740741	0.0740740740740741	0.0740740740740741	0.037037037037037	0.037037037037037	0.0740740740740741	0	0	0	0	0	0	0	0	0.148148148148148	0.037037037037037	0	0	0
113430000003	0.16	0.16	0	0	0.02	0	0	0	0	0	0	0	0	0	0.14	0.04	0	0	0
113430003096	0.0974025974025974	0.103896103896104	0.012987012987013	0.00649350649350649	0.025974025974026	0.025974025974026	0	0	0	0	0	0	0	0	0.0324675324675325	0	0	0	0
113433000268	0.3375	0.3	0.0375	0.0375	0	0.075	0	0	0	0	0	0	0	0	0.05	0	0	0	0
113580000044	0.103448275862069	0.137931034482759	0	0	0.0689655172413793	0.0689655172413793	0	0	0	0	0	0	0	0	0	0	0	0	0
113657000590	0.157894736842105	0.105263157894737	0	0	0.0210526315789474	0.0526315789473684	0	0	0	0	0	0	0	0	0.0842105263157895	0	0	0	0
113670000248	0.146067415730337	0.146067415730337	0.0112359550561798	0.0112359550561798	0.0337078651685393	0.0674157303370786	0	0	0	0	0	0	0	0	0.0449438202247191	0	0	0	0
113836000373	0.224489795918367	0.0612244897959184	0.0204081632653061	0	0	0	0	0	0	0	0	0	0	0	0.0612244897959184	0	0	0	0
113894000031	0.227272727272727	0.181818181818182	0	0	0.0454545454545455	0	0	0	0	0	0	0	0	0	0	0	0	0	0
113894000065	0.0952380952380952	0.0952380952380952	0	0	0	0.0952380952380952	0	0	0	0	0	0	0	0	0.142857142857143	0	0	0	0
115001000367	0.0864197530864197	0.037037037037037	0	0	0.0123456790123457	0.0123456790123457	0	0	0	0	0	0	0	0	0.037037037037037	0	0	0	0
115001001061	0.136842105263158	0.0947368421052632	0.0315789473684211	0.0210526315789474	0.0315789473684211	0.0631578947368421	0	0	0	0	0	0	0	0	0.0631578947368421	0.0210526315789474	0	0	0
115001002017	0.229813664596273	0.15527950310559	0	0	0	0.0186335403726708	0	0	0	0	0	0	0	0	0.0434782608695652	0	0	0	0
115097000036	0.0714285714285714	0	0	0	0	0	0	0	0	0	0	0	0	0	0	0	0	0	0
115162000120	0.111111111111111	0.0555555555555556	0	0	0	0	0	0	0	0	0	0	0	0	0.0277777777777778	0	0	0	0
115238000698	0.087719298245614	0.0657894736842105	0.0043859649122807	0.0043859649122807	0.0175438596491228	0.0087719298245614	0	0	0	0	0	0	0	0	0.0219298245614035	0.0043859649122807	0	0	0
115407000023	0.122448979591837	0.0408163265306122	0	0	0	0.0204081632653061	0	0	0	0	0	0	0	0	0.0816326530612245	0	0	0	0
115466000151	0.148148148148148	0.111111111111111	0.037037037037037	0.037037037037037	0.037037037037037	0.037037037037037	0	0	0	0	0	0	0	0	0.037037037037037	0	0	0	0
115572000348	0.0408163265306122	0.0204081632653061	0	0.0204081632653061	0	0.0408163265306122	0	0	0	0	0	0	0	0	0.0612244897959184	0	0	0	0
115600000014	0.125	0.0357142857142857	0.0357142857142857	0	0.0357142857142857	0.0178571428571429	0	0	0	0	0	0	0	0	0.0357142857142857	0	0	0	0
115646000019	0.0847457627118644	0.0508474576271186	0.00847457627118644	0	0.00847457627118644	0.0169491525423729	0	0	0	0	0	0	0	0	0.0423728813559322	0	0	0	0
115686000011	0.0795454545454545	0.0795454545454545	0	0	0.0227272727272727	0.0227272727272727	0	0	0	0	0	0	0	0	0.0568181818181818	0	0	0	0
115814000011	0.0172413793103448	0.0172413793103448	0	0	0	0	0	0	0	0	0	0	0	0	0.0172413793103448	0	0	0	0
117001001161	0.216216216216216	0.0810810810810811	0	0	0	0	0	0	0	0	0	0	0	0	0.0540540540540541	0	0	0	0
117001002567	0.106060606060606	0.0606060606060606	0.0151515151515152	0	0	0	0	0	0	0	0	0	0	0	0	0	0	0	0
117001004438	0.25	0.138888888888889	0.0277777777777778	0.0277777777777778	0	0.0555555555555556	0	0	0	0	0	0	0	0	0.0277777777777778	0	0	0	0
117001006180	0.25	0.15625	0	0	0	0.03125	0	0	0	0	0	0	0	0	0.03125	0	0	0	0
117001006287	0.307692307692308	0.0769230769230769	0	0	0	0.0769230769230769	0	0	0	0	0	0	0	0	0.0769230769230769	0	0	0	0
117013001205	0.119047619047619	0.0476190476190476	0	0.0238095238095238	0	0	0	0	0	0	0	0	0	0	0.0476190476190476	0	0	0	0
117088000522	0.151515151515152	0.0757575757575758	0	0	0	0	0	0	0	0	0	0	0	0	0.0454545454545455	0	0	0	0
117174000349	0.15625	0.046875	0.015625	0	0	0	0	0	0	0	0	0	0	0	0.046875	0.015625	0	0	0
117614001377	0.02	0.02	0	0	0	0	0	0	0	0	0	0	0	0	0.06	0	0	0	0
117873000991	0.0985915492957746	0.0140845070422535	0	0	0	0	0	0	0	0	0	0	0	0	0.028169014084507	0	0	0	0
118150001758	0.178082191780822	0.136986301369863	0	0.0136986301369863	0	0.0273972602739726	0	0	0	0	0	0	0	0	0.10958904109589	0	0	0	0
118247003607	0.153846153846154	0.128205128205128	0.0256410256410256	0.0256410256410256	0.0256410256410256	0.0256410256410256	0	0	0	0	0	0	0	0	0.102564102564103	0	0	0	0
119001000265	0.0790960451977401	0.0338983050847458	0	0	0.0282485875706215	0.00564971751412429	0	0	0	0	0	0	0	0	0.0677966101694915	0.00564971751412429	0	0	0
119001000524	0.333333333333333	0.333333333333333	0.333333333333333	0.333333333333333	0.333333333333333	0.333333333333333	0	0	0	0	0	0	0	0	0.333333333333333	0	0	0	0
119001002551	0.25	0.1875	0	0	0	0.0625	0	0	0	0	0	0	0	0	0	0	0	0	0
119001003990	0.0857142857142857	0.0285714285714286	0.0571428571428571	0.0285714285714286	0.0285714285714286	0.0285714285714286	0	0	0	0	0	0	0	0	0.114285714285714	0	0	0	0
119001004023	0.230088495575221	0.194690265486726	0.0442477876106195	0.00884955752212389	0.00884955752212389	0.0442477876106195	0	0	0	0	0	0	0	0	0.0707964601769911	0.00884955752212389	0	0	0
119212000059	0.148148148148148	0.0925925925925926	0	0	0.0740740740740741	0.0185185185185185	0	0	0	0	0	0	0	0	0.037037037037037	0	0	0	0
119397092124	0.05	0	0.05	0.05	0	0	0	0	0	0	0	0	0	0	0	0	0	0	0
119548000014	0.101694915254237	0.101694915254237	0.0847457627118644	0.0847457627118644	0.0847457627118644	0	0	0	0	0	0	0	0	0	0.0847457627118644	0	0	0	0
119698000101	0.147651006711409	0.0604026845637584	0.00671140939597315	0.00671140939597315	0.0134228187919463	0.0201342281879195	0	0	0	0	0	0	0	0	0.0671140939597315	0	0	0	0
119743000088	0.125	0.0833333333333333	0.0416666666666667	0.0416666666666667	0.0416666666666667	0	0	0	0	0	0	0	0	0	0	0	0	0	0
119780000969	0.163636363636364	0.145454545454545	0.0727272727272727	0.0363636363636364	0.0363636363636364	0.0545454545454545	0	0	0	0	0	0	0	0	0.127272727272727	0.0545454545454545	0	0	0
119809001358	0.222222222222222	0.222222222222222	0.111111111111111	0.111111111111111	0.222222222222222	0.111111111111111	0	0	0	0	0	0	0	0	0.222222222222222	0.222222222222222	0	0	0
120001000603	0.117647058823529	0.141176470588235	0.0117647058823529	0	0	0.0235294117647059	0	0	0	0	0	0	0	0	0.0588235294117647	0	0	0	0
120001000638	0.122137404580153	0.083969465648855	0.0458015267175573	0.00763358778625954	0.0152671755725191	0.0229007633587786	0	0	0	0	0	0	0	0	0.0305343511450382	0.00763358778625954	0	0	0
120001001201	0.0574712643678161	0.0689655172413793	0.0114942528735632	0.0344827586206897	0.0114942528735632	0.0459770114942529	0	0	0	0	0	0	0	0	0.149425287356322	0	0	0	0
120001001219	0.0973451327433628	0.079646017699115	0.0176991150442478	0.00884955752212389	0.0353982300884956	0.0353982300884956	0	0	0	0	0	0	0	0	0.0530973451327434	0.0176991150442478	0	0	0
120011001331	0.161073825503356	0.140939597315436	0.0201342281879195	0.0134228187919463	0.0268456375838926	0.0335570469798658	0	0	0	0	0	0	0	0	0.087248322147651	0	0	0	0
120175017777	0.0178571428571429	0.0357142857142857	0	0.0535714285714286	0	0	0	0	0	0	0	0	0	0	0.0535714285714286	0	0	0	0
120228000472	0.148760330578512	0.0743801652892562	0.00826446280991736	0	0.0165289256198347	0.0247933884297521	0	0	0	0	0	0	0	0	0.0743801652892562	0	0	0	0
120770000004	0.181818181818182	0.0757575757575758	0	0	0	0.0151515151515152	0	0	0	0	0	0	0	0	0.0757575757575758	0	0	0	0
123001005647	0.302158273381295	0.223021582733813	0.0215827338129496	0.0215827338129496	0.0431654676258993	0.0143884892086331	0	0	0	0	0	0	0	0	0.0431654676258993	0.0143884892086331	0	0	0
123001009071	0.255813953488372	0.255813953488372	0	0.0232558139534884	0.0348837209302326	0	0	0	0	0	0	0	0	0	0.104651162790698	0	0	0	0
123068000011	0.1	0.0666666666666667	0.00833333333333333	0.00833333333333333	0	0.00833333333333333	0	0	0	0	0	0	0	0	0.0666666666666667	0.00833333333333333	0	0	0
123068000232	0.126582278481013	0.0759493670886076	0.0126582278481013	0.0126582278481013	0.0379746835443038	0.0126582278481013	0	0	0	0	0	0	0	0	0.126582278481013	0	0	0	0
123079000111	0.0810810810810811	0.0675675675675676	0	0	0.0135135135135135	0.027027027027027	0	0	0	0	0	0	0	0	0.0675675675675676	0	0	0	0
123079000277	0.126760563380282	0.0845070422535211	0	0	0	0.0422535211267606	0	0	0	0	0	0	0	0	0.0704225352112676	0	0	0	0
123162000271	0.192771084337349	0.156626506024096	0.0120481927710843	0	0.0120481927710843	0	0	0	0	0	0	0	0	0	0.0481927710843374	0	0	0	0
123466000056	0.23728813559322	0.11864406779661	0	0.0338983050847458	0	0.0677966101694915	0	0	0	0	0	0	0	0	0.0169491525423729	0	0	0	0
123466001311	0	0	0	0	0.04	0.02	0	0	0	0	0	0	0	0	0.02	0	0	0	0
123555000264	0.0882352941176471	0	0.0294117647058824	0	0.0294117647058824	0.0294117647058824	0	0	0	0	0	0	0	0	0.0294117647058824	0	0	0	0
123686000022	0.0843373493975904	0.0843373493975904	0.0120481927710843	0.0240963855421687	0.0240963855421687	0.036144578313253	0	0	0	0	0	0	0	0	0.036144578313253	0	0	0	0
123855000088	0.0606060606060606	0.0454545454545455	0	0.0151515151515152	0.0303030303030303	0.0303030303030303	0	0	0	0	0	0	0	0	0.0757575757575758	0.0151515151515152	0	0	0
125019000386	0.09375	0.125	0	0	0	0	0	0	0	0	0	0	0	0	0	0	0	0	0
125035000159	0.05	0.0375	0.0125	0.0125	0.0125	0	0	0	0	0	0	0	0	0	0.0375	0.0125	0	0	0
125040000582	0.1	0.075	0.025	0	0	0.025	0	0	0	0	0	0	0	0	0	0	0	0	0
125095000255	0.166666666666667	0.0416666666666667	0.0416666666666667	0.0416666666666667	0	0.0416666666666667	0	0	0	0	0	0	0	0	0	0	0	0	0
125148000481	0.0666666666666667	0.0333333333333333	0.0333333333333333	0.0333333333333333	0.05	0.05	0	0	0	0	0	0	0	0	0.0666666666666667	0.0166666666666667	0	0	0
125181000322	0.132530120481928	0.0602409638554217	0	0	0.0240963855421687	0.0120481927710843	0	0	0	0	0	0	0	0	0.0481927710843374	0	0	0	0
125245000291	0.142857142857143	0.102040816326531	0	0	0	0.0204081632653061	0	0	0	0	0	0	0	0	0	0	0	0	0
125281000249	0.0588235294117647	0	0	0	0	0	0	0	0	0	0	0	0	0	0.0588235294117647	0	0	0	0
125295000110	0.0357142857142857	0	0	0.0357142857142857	0	0	0	0	0	0	0	0	0	0	0	0	0	0	0
125299000289	0.310344827586207	0.275862068965517	0	0	0.0344827586206897	0.0344827586206897	0	0	0	0	0	0	0	0	0.137931034482759	0	0	0	0
125473000137	0.0782608695652174	0.104347826086957	0.0173913043478261	0.00869565217391304	0.0347826086956522	0.0434782608695652	0	0	0	0	0	0	0	0	0.0434782608695652	0	0	0	0
125483000097	0.111111111111111	0.0555555555555556	0	0.0555555555555556	0	0	0	0	0	0	0	0	0	0	0.0555555555555556	0	0	0	0
125596000301	0.037037037037037	0.037037037037037	0	0	0	0	0	0	0	0	0	0	0	0	0.037037037037037	0	0	0	0
125649000341	0.12	0.06	0	0	0	0	0	0	0	0	0	0	0	0	0.06	0	0	0	0
125718000243	0.12	0.08	0	0	0	0	0	0	0	0	0	0	0	0	0.08	0	0	0	0
125754000250	0.132867132867133	0.0559440559440559	0	0	0.00699300699300699	0.013986013986014	0	0	0	0	0	0	0	0	0.034965034965035	0	0	0	0
125754001183	0.111888111888112	0.0629370629370629	0.00699300699300699	0	0	0.013986013986014	0	0	0	0	0	0	0	0	0.041958041958042	0	0	0	0
125754001973	0.2	0	0	0	0	0	0	0	0	0	0	0	0	0	0	0	0	0	0
125754003267	0.122727272727273	0.0636363636363636	0.00909090909090909	0.0136363636363636	0.0272727272727273	0.0363636363636364	0	0	0	0	0	0	0	0	0.0590909090909091	0	0	0	0
125797000130	0.0294117647058824	0.0294117647058824	0	0	0.0294117647058824	0.0294117647058824	0	0	0	0	0	0	0	0	0.0588235294117647	0	0	0	0
125823000291	0	0	0	0	0	0.0526315789473684	0	0	0	0	0	0	0	0	0.0526315789473684	0	0	0	0
125873000209	0.112359550561798	0.0786516853932584	0.0224719101123595	0.0224719101123595	0.0224719101123595	0.0337078651685393	0	0	0	0	0	0	0	0	0.101123595505618	0	0	0	0
127001004107	0.23728813559322	0.11864406779661	0.0338983050847458	0	0.0169491525423729	0.0508474576271186	0	0	0	0	0	0	0	0	0.0338983050847458	0	0	0	0
127787000029	0.291666666666667	0.208333333333333	0	0.0138888888888889	0	0.0277777777777778	0	0	0	0	0	0	0	0	0.0833333333333333	0.0277777777777778	0	0	0
141001001321	0.0327868852459016	0.0491803278688525	0	0.0163934426229508	0.0163934426229508	0.0327868852459016	0	0	0	0	0	0	0	0	0.0983606557377049	0	0	0	0
141001002247	0.0943396226415094	0.050314465408805	0.0125786163522013	0	0.00628930817610063	0.0188679245283019	0	0	0	0	0	0	0	0	0.0377358490566038	0	0	0	0
141016000305	0.175182481751825	0.124087591240876	0.0802919708029197	0.0875912408759124	0.0656934306569343	0.102189781021898	0	0	0	0	0	0	0	0	0.102189781021898	0.0437956204379562	0	0	0
141298000426	0.290322580645161	0.21505376344086	0.0645161290322581	0.0645161290322581	0.118279569892473	0.10752688172043	0	0	0	0	0	0	0	0	0.118279569892473	0.021505376344086	0	0	0
141551000829	0.105882352941176	0.0352941176470588	0.0117647058823529	0	0.0235294117647059	0.0117647058823529	0	0	0	0	0	0	0	0	0.0823529411764706	0	0	0	0
144078000033	0.14018691588785	0.121495327102804	0.00934579439252336	0.0186915887850467	0.0280373831775701	0.00934579439252336	0	0	0	0	0	0	0	0	0.0747663551401869	0	0	0	0
144078000599	0.0810810810810811	0.108108108108108	0	0	0	0	0	0	0	0	0	0	0	0	0.0540540540540541	0	0	0	0
144110000016	0.1	0	0	0	0.05	0	0	0	0	0	0	0	0	0	0.1	0	0	0	0
144279000368	0.153846153846154	0.173076923076923	0	0.0192307692307692	0.0192307692307692	0.0384615384615385	0	0	0	0	0	0	0	0	0.0769230769230769	0	0	0	0
144847003865	0.131313131313131	0.161616161616162	0.0202020202020202	0	0.0404040404040404	0.0606060606060606	0	0	0	0	0	0	0	0	0.0707070707070707	0.0101010101010101	0	0	0
144855000387	0.138461538461538	0.123076923076923	0	0.0153846153846154	0.0153846153846154	0.0153846153846154	0	0	0	0	0	0	0	0	0.0615384615384615	0	0	0	0
144874000517	0	0	0	0	0	0.0476190476190476	0	0	0	0	0	0	0	0	0.0952380952380952	0	0	0	0
147001000455	0.185185185185185	0.148148148148148	0	0	0	0.0185185185185185	0	0	0	0	0	0	0	0	0	0	0	0	0
147001005481	0.4	0.377777777777778	0.0888888888888889	0.0444444444444444	0.155555555555556	0.133333333333333	0	0	0	0	0	0	0	0	0.2	0	0	0	0
147001051238	0.0974358974358974	0.0820512820512821	0.0205128205128205	0.0153846153846154	0.0307692307692308	0.0512820512820513	0	0	0	0	0	0	0	0	0.0512820512820513	0	0	0	0
147170000022	0.0972222222222222	0.0416666666666667	0	0	0	0	0	0	0	0	0	0	0	0	0.0555555555555556	0	0	0	0
147189001160	0.0666666666666667	0.0666666666666667	0	0	0.0222222222222222	0.0222222222222222	0	0	0	0	0	0	0	0	0.111111111111111	0	0	0	0
147245000252	0.308411214953271	0.271028037383178	0.0747663551401869	0.0560747663551402	0.0467289719626168	0.0747663551401869	0	0	0	0	0	0	0	0	0.0654205607476635	0	0	0	0
147551000410	0.0655737704918033	0.0983606557377049	0.0163934426229508	0.0163934426229508	0.0327868852459016	0.0327868852459016	0	0	0	0	0	0	0	0	0.0983606557377049	0	0	0	0
147551000801	0.191489361702128	0.170212765957447	0.0212765957446809	0.0425531914893617	0.0212765957446809	0.0212765957446809	0	0	0	0	0	0	0	0	0.0212765957446809	0	0	0	0
147798000081	0.0833333333333333	0	0.0208333333333333	0.0208333333333333	0.0208333333333333	0.0416666666666667	0	0	0	0	0	0	0	0	0	0.0208333333333333	0	0	0
150001000111	0.216867469879518	0.156626506024096	0.0240963855421687	0.0240963855421687	0.0120481927710843	0	0	0	0	0	0	0	0	0	0.036144578313253	0.0120481927710843	0	0	0
150001000189	0.148936170212766	0.106382978723404	0.0425531914893617	0.0425531914893617	0.0425531914893617	0.0531914893617021	0	0	0	0	0	0	0	0	0.0638297872340425	0	0	0	0
150001003081	0.178571428571429	0.0625	0	0	0.00892857142857143	0.00892857142857143	0	0	0	0	0	0	0	0	0.00892857142857143	0	0	0	0
150001004621	0.0869565217391304	0.0869565217391304	0.00869565217391304	0.00869565217391304	0.0173913043478261	0.0347826086956522	0	0	0	0	0	0	0	0	0.0608695652173913	0	0	0	0
150287000555	0.214285714285714	0.125	0.0535714285714286	0.0535714285714286	0.0535714285714286	0.125	0	0	0	0	0	0	0	0	0.125	0	0	0	0
150313000089	0.144067796610169	0.110169491525424	0.0254237288135593	0.00847457627118644	0.0423728813559322	0.0169491525423729	0	0	0	0	0	0	0	0	0.0508474576271186	0	0	0	0
150313000097	0.0684931506849315	0.0547945205479452	0	0	0	0.0410958904109589	0	0	0	0	0	0	0	0	0.0958904109589041	0	0	0	0
150325000254	0.0857142857142857	0.0285714285714286	0	0	0.0571428571428571	0.0285714285714286	0	0	0	0	0	0	0	0	0.0571428571428571	0.0285714285714286	0	0	0
150568001593	0.121546961325967	0.0939226519337017	0.00552486187845304	0.00552486187845304	0.0110497237569061	0.0165745856353591	0	0	0	0	0	0	0	0	0.0497237569060773	0	0	0	0
150573000121	0.10126582278481	0.0506329113924051	0.0379746835443038	0.0253164556962025	0.0506329113924051	0.0632911392405063	0	0	0	0	0	0	0	0	0.113924050632911	0	0	0	0
150606000172	0.11214953271028	0.0934579439252336	0.00934579439252336	0.00934579439252336	0.00934579439252336	0.0186915887850467	0	0	0	0	0	0	0	0	0.0280373831775701	0	0	0	0
152001001153	0.121951219512195	0.0487804878048781	0	0	0	0	0	0	0	0	0	0	0	0	0.0487804878048781	0.024390243902439	0	0	0
152001003008	0.0487804878048781	0.0731707317073171	0.024390243902439	0	0	0	0	0	0	0	0	0	0	0	0.0731707317073171	0	0	0	0
152036000036	0	0	0	0	0	0	0	0	0	0	0	0	0	0	0.125	0	0	0	0
152210000261	0.04	0	0	0	0	0	0	0	0	0	0	0	0	0	0.04	0	0	0	0
152224000019	0.130434782608696	0.0434782608695652	0	0	0	0.0217391304347826	0	0	0	0	0	0	0	0	0.0434782608695652	0	0	0	0
152323000063	0.0882352941176471	0.0294117647058824	0	0	0.0294117647058824	0	0	0	0	0	0	0	0	0	0.0882352941176471	0	0	0	0
152323000161	0.136363636363636	0.0454545454545455	0	0	0.0909090909090909	0	0	0	0	0	0	0	0	0	0.0454545454545455	0	0	0	0
152356000221	0.0851063829787234	0.0638297872340425	0.0212765957446809	0	0.0425531914893617	0.0212765957446809	0	0	0	0	0	0	0	0	0.0212765957446809	0	0	0	0
152399000330	0.151898734177215	0.0886075949367089	0	0.0126582278481013	0	0.0126582278481013	0	0	0	0	0	0	0	0	0.10126582278481	0	0	0	0
152418000133	0.0338983050847458	0.0169491525423729	0.0169491525423729	0	0	0	0	0	0	0	0	0	0	0	0.0169491525423729	0	0	0	0
152693000615	0.0333333333333333	0.0666666666666667	0.0333333333333333	0	0	0.0333333333333333	0	0	0	0	0	0	0	0	0.0666666666666667	0	0	0	0
152786000160	0.153846153846154	0.0769230769230769	0.0256410256410256	0.0256410256410256	0.0256410256410256	0	0	0	0	0	0	0	0	0	0.102564102564103	0	0	0	0
152835004389	0.141025641025641	0.102564102564103	0.0256410256410256	0	0.0384615384615385	0.0384615384615385	0	0	0	0	0	0	0	0	0.0641025641025641	0	0	0	0
154001006999	0.0833333333333333	0.0555555555555556	0	0	0.0138888888888889	0	0	0	0	0	0	0	0	0	0	0	0	0	0
154099000152	0.0294117647058824	0.0294117647058824	0.0294117647058824	0	0	0.0294117647058824	0	0	0	0	0	0	0	0	0.0588235294117647	0	0	0	0
154172000247	0.0833333333333333	0.0277777777777778	0	0.0277777777777778	0	0	0	0	0	0	0	0	0	0	0	0	0	0	0
154174000155	0.148936170212766	0.0638297872340425	0.0212765957446809	0.0212765957446809	0	0.0212765957446809	0	0	0	0	0	0	0	0	0.0425531914893617	0.0212765957446809	0	0	0
154498001928	0.0520231213872832	0.0289017341040462	0.023121387283237	0.023121387283237	0.00578034682080925	0.00578034682080925	0	0	0	0	0	0	0	0	0.0635838150289017	0	0	0	0
154498001944	0.0434782608695652	0.0869565217391304	0.0434782608695652	0.0869565217391304	0.0869565217391304	0.0869565217391304	0	0	0	0	0	0	0	0	0.217391304347826	0.0434782608695652	0	0	0
154660000698	0.18	0.2	0.04	0.04	0.06	0.06	0	0	0	0	0	0	0	0	0.12	0	0	0	0
154810003020	0.162790697674419	0.104651162790698	0	0	0.0116279069767442	0.0174418604651163	0	0	0	0	0	0	0	0	0.0174418604651163	0	0	0	0
163130000157	0.148148148148148	0.037037037037037	0	0.0185185185185185	0.0555555555555556	0.0555555555555556	0	0	0	0	0	0	0	0	0.12962962962963	0	0	0	0
163401000115	0.241935483870968	0.17741935483871	0.0161290322580645	0	0.0161290322580645	0.0483870967741935	0	0	0	0	0	0	0	0	0.129032258064516	0.0161290322580645	0	0	0
163401000140	0.0757575757575758	0.0454545454545455	0.0151515151515152	0.0151515151515152	0	0.0454545454545455	0	0	0	0	0	0	0	0	0.0454545454545455	0.0151515151515152	0	0	0
166001000026	0.146341463414634	0.0731707317073171	0.024390243902439	0	0	0	0	0	0	0	0	0	0	0	0.0975609756097561	0	0	0	0
166001000344	0.178571428571429	0.107142857142857	0	0.0267857142857143	0.0357142857142857	0.0178571428571429	0	0	0	0	0	0	0	0	0.0625	0	0	0	0
166001000395	0.181818181818182	0.0909090909090909	0	0	0.0454545454545455	0	0	0	0	0	0	0	0	0	0.0454545454545455	0	0	0	0
166001000476	0.168674698795181	0.0843373493975904	0	0.0120481927710843	0.036144578313253	0.0120481927710843	0	0	0	0	0	0	0	0	0.0481927710843374	0.0120481927710843	0	0	0
166001000891	0.212121212121212	0.0909090909090909	0.0303030303030303	0	0	0.0303030303030303	0	0	0	0	0	0	0	0	0.0303030303030303	0	0	0	0
166001004242	0.260504201680672	0.151260504201681	0.00840336134453781	0.00840336134453781	0.0168067226890756	0.0420168067226891	0	0	0	0	0	0	0	0	0.0504201680672269	0	0	0	0
166170000078	0.208695652173913	0.0782608695652174	0	0	0	0.00869565217391304	0	0	0	0	0	0	0	0	0.0173913043478261	0.00869565217391304	0	0	0
166170002500	0.0517241379310345	0.0517241379310345	0	0	0	0.00862068965517241	0	0	0	0	0	0	0	0	0.0689655172413793	0	0	0	0
166383000012	0.0625	0.0208333333333333	0	0	0.0208333333333333	0.0208333333333333	0	0	0	0	0	0	0	0	0.0416666666666667	0	0	0	0
166400000315	0.14	0.1	0.04	0.02	0.02	0	0	0	0	0	0	0	0	0	0.02	0.02	0	0	0
166687000256	0.117647058823529	0.117647058823529	0.0294117647058824	0	0	0	0	0	0	0	0	0	0	0	0	0	0	0	0
168001004962	0.136986301369863	0.0958904109589041	0	0.0136986301369863	0	0.0410958904109589	0	0	0	0	0	0	0	0	0.0410958904109589	0.0136986301369863	0	0	0
168245000349	0.15	0	0	0	0	0.1	0	0	0	0	0	0	0	0	0	0	0	0	0
168271000012	0.176470588235294	0.0588235294117647	0	0	0	0	0	0	0	0	0	0	0	0	0.176470588235294	0	0	0	0
168296000017	0.0588235294117647	0.0588235294117647	0	0	0	0	0	0	0	0	0	0	0	0	0	0	0	0	0
168307000359	0.0896551724137931	0.0413793103448276	0.00689655172413793	0	0	0.00689655172413793	0	0	0	0	0	0	0	0	0.0758620689655172	0	0	0	0
168322000080	0	0	0	0	0	0	0	0	0	0	0	0	0	0	0.0909090909090909	0	0	0	0
168547000071	0.100917431192661	0.055045871559633	0.00917431192660551	0.00917431192660551	0.00917431192660551	0.0275229357798165	0	0	0	0	0	0	0	0	0.055045871559633	0.00917431192660551	0	0	0
168679000461	0.109677419354839	0.0645161290322581	0.0129032258064516	0.0129032258064516	0.0193548387096774	0.0129032258064516	0	0	0	0	0	0	0	0	0.0580645161290323	0	0	0	0
168679000550	0.0740740740740741	0.037037037037037	0	0.0185185185185185	0	0	0	0	0	0	0	0	0	0	0.037037037037037	0	0	0	0
168689002968	0.0677966101694915	0.0338983050847458	0	0.0169491525423729	0	0	0	0	0	0	0	0	0	0	0.0508474576271186	0	0	0	0
168773000016	0.0476190476190476	0.0476190476190476	0	0	0.0952380952380952	0	0	0	0	0	0	0	0	0	0.0476190476190476	0	0	0	0
170001001658	0.129411764705882	0.1	0	0	0.0117647058823529	0.0176470588235294	0	0	0	0	0	0	0	0	0.1	0	0	0	0
170001038811	0.109090909090909	0.0545454545454545	0.00909090909090909	0.0181818181818182	0.00909090909090909	0.0363636363636364	0	0	0	0	0	0	0	0	0.0545454545454545	0.00909090909090909	0	0	0
170204000053	0.104166666666667	0.0625	0.0416666666666667	0.0208333333333333	0.0416666666666667	0.0416666666666667	0	0	0	0	0	0	0	0	0.0625	0.0208333333333333	0	0	0
170215000047	0.0769230769230769	0.0512820512820513	0.0128205128205128	0.0128205128205128	0.0256410256410256	0.0128205128205128	0	0	0	0	0	0	0	0	0.0641025641025641	0	0	0	0
170429000001	0.0952380952380952	0.0238095238095238	0.0238095238095238	0	0	0.0238095238095238	0	0	0	0	0	0	0	0	0.0714285714285714	0	0	0	0
170820000121	0.079646017699115	0.079646017699115	0.00884955752212389	0.00884955752212389	0.0265486725663717	0.0442477876106195	0	0	0	0	0	0	0	0	0.106194690265487	0	0	0	0
173001002327	0.115107913669065	0.0575539568345324	0.0143884892086331	0	0.0215827338129496	0.0143884892086331	0	0	0	0	0	0	0	0	0.0575539568345324	0	0	0	0
173001002475	0.2	0.0666666666666667	0.0666666666666667	0.0666666666666667	0.0666666666666667	0.133333333333333	0	0	0	0	0	0	0	0	0.2	0	0	0	0
173001003072	0.177914110429448	0.165644171779141	0.00613496932515337	0.0122699386503067	0.0122699386503067	0.00613496932515337	0	0	0	0	0	0	0	0	0.0858895705521472	0	0	0	0
173001004303	0.072463768115942	0.0434782608695652	0	0	0	0.0144927536231884	0	0	0	0	0	0	0	0	0.115942028985507	0	0	0	0
173001004556	0.125	0.05	0	0	0.05	0	0	0	0	0	0	0	0	0	0.1	0	0	0	0
173001006322	0.0232558139534884	0	0	0	0	0	0	0	0	0	0	0	0	0	0.0465116279069767	0	0	0	0
173001008741	0.0854700854700855	0.0170940170940171	0.0341880341880342	0.00854700854700855	0.0170940170940171	0.0170940170940171	0	0	0	0	0	0	0	0	0.0769230769230769	0	0	0	0
173168003546	0.307692307692308	0.247863247863248	0.0854700854700855	0.094017094017094	0.136752136752137	0.153846153846154	0	0	0	0	0	0	0	0	0.170940170940171	0.0170940170940171	0	0	0
173268001524	0.0232558139534884	0.0465116279069767	0.0232558139534884	0	0	0	0	0	0	0	0	0	0	0	0.0465116279069767	0.0232558139534884	0	0	0
173283001492	0.087719298245614	0.0526315789473684	0	0	0	0	0	0	0	0	0	0	0	0	0.12280701754386	0	0	0	0
173563000726	0.111111111111111	0.111111111111111	0.0185185185185185	0	0	0.0185185185185185	0	0	0	0	0	0	0	0	0.12962962962963	0	0	0	0
173873000777	0.15625	0.0625	0	0	0.03125	0	0	0	0	0	0	0	0	0	0	0	0	0	0
176001001800	0.151515151515152	0.121212121212121	0.0151515151515152	0.0303030303030303	0.0303030303030303	0.0151515151515152	0	0	0	0	0	0	0	0	0.0606060606060606	0	0	0	0
176001003918	0.0806451612903226	0.129032258064516	0.032258064516129	0	0	0	0	0	0	0	0	0	0	0	0	0	0	0	0
176001003951	0.103448275862069	0.0862068965517241	0.0172413793103448	0.0172413793103448	0.0258620689655172	0.0258620689655172	0	0	0	0	0	0	0	0	0.0775862068965517	0.00862068965517241	0	0	0
176001004485	0.17910447761194	0.134328358208955	0.0447761194029851	0.0447761194029851	0.0597014925373134	0.0597014925373134	0	0	0	0	0	0	0	0	0.119402985074627	0	0	0	0
176001005341	0.0789473684210526	0.0263157894736842	0	0	0	0	0	0	0	0	0	0	0	0	0.0526315789473684	0	0	0	0
176001005368	0.246376811594203	0.202898550724638	0	0	0.0144927536231884	0.0289855072463768	0	0	0	0	0	0	0	0	0.0144927536231884	0	0	0	0
176001006119	0.145833333333333	0.0625	0	0	0.0208333333333333	0	0	0	0	0	0	0	0	0	0.0208333333333333	0	0	0	0
176001008791	0.245283018867925	0.207547169811321	0.0188679245283019	0	0.0188679245283019	0	0	0	0	0	0	0	0	0	0.0943396226415094	0	0	0	0
176001013310	0.18978102189781	0.131386861313869	0.0218978102189781	0.0145985401459854	0.0145985401459854	0.0145985401459854	0	0	0	0	0	0	0	0	0.0948905109489051	0	0	0	0
176001016491	0.156976744186047	0.0988372093023256	0.00581395348837209	0	0.0232558139534884	0.00581395348837209	0	0	0	0	0	0	0	0	0.0523255813953488	0	0	0	0
176001017374	0.219047619047619	0.247619047619048	0.0476190476190476	0.0571428571428571	0.0380952380952381	0.0857142857142857	0	0	0	0	0	0	0	0	0.0952380952380952	0	0	0	0
176001025946	0.236842105263158	0.184210526315789	0.0263157894736842	0.0263157894736842	0.0131578947368421	0.0131578947368421	0	0	0	0	0	0	0	0	0.0921052631578947	0	0	0	0
176001028970	0.13265306122449	0.0714285714285714	0.0102040816326531	0.0102040816326531	0	0.0102040816326531	0	0	0	0	0	0	0	0	0.0714285714285714	0	0	0	0
176001030168	0.202898550724638	0.0869565217391304	0	0	0	0.0144927536231884	0	0	0	0	0	0	0	0	0.0434782608695652	0	0	0	0
176001030788	0.0555555555555556	0.0185185185185185	0.0185185185185185	0	0	0	0	0	0	0	0	0	0	0	0.0925925925925926	0	0	0	0
176109000311	0.149425287356322	0.137931034482759	0.0459770114942529	0.0344827586206897	0.0229885057471264	0.0344827586206897	0	0	0	0	0	0	0	0	0.0344827586206897	0	0	0	0
176109001385	0.109375	0.09375	0.0078125	0	0.0234375	0.015625	0	0	0	0	0	0	0	0	0.03125	0	0	0	0
176111001104	0.134615384615385	0.115384615384615	0.0384615384615385	0.0192307692307692	0.0192307692307692	0.0769230769230769	0	0	0	0	0	0	0	0	0.0961538461538462	0.0192307692307692	0	0	0
176147000716	0.314285714285714	0.257142857142857	0.0571428571428571	0.0571428571428571	0.0857142857142857	0.128571428571429	0	0	0	0	0	0	0	0	0.157142857142857	0	0	0	0
176147001933	0.0945945945945946	0.027027027027027	0	0	0.0135135135135135	0	0	0	0	0	0	0	0	0	0.0540540540540541	0	0	0	0
176233000656	0.111111111111111	0.0666666666666667	0	0.0111111111111111	0	0	0	0	0	0	0	0	0	0	0.0777777777777778	0	0	0	0
176248000008	0.128654970760234	0.0994152046783626	0.0526315789473684	0.0233918128654971	0.0409356725146199	0.0350877192982456	0	0	0	0	0	0	0	0	0.0760233918128655	0.00584795321637427	0	0	0
176248000024	0.208955223880597	0.104477611940299	0.0149253731343284	0.0149253731343284	0.0149253731343284	0.0149253731343284	0	0	0	0	0	0	0	0	0.0447761194029851	0	0	0	0
176275000010	0.0727272727272727	0.0636363636363636	0.0454545454545455	0.00909090909090909	0.0545454545454545	0.0363636363636364	0	0	0	0	0	0	0	0	0.0636363636363636	0	0	0	0
176318000264	0.177083333333333	0.104166666666667	0.0208333333333333	0.03125	0.03125	0.0208333333333333	0	0	0	0	0	0	0	0	0.0520833333333333	0	0	0	0
176400000019	0.231884057971014	0.144927536231884	0	0.0144927536231884	0	0	0	0	0	0	0	0	0	0	0.0144927536231884	0	0	0	0
176400000027	0.125	0.15625	0.03125	0.03125	0.03125	0.03125	0	0	0	0	0	0	0	0	0.09375	0	0	0	0
176520000489	0.110091743119266	0.055045871559633	0	0	0	0.00917431192660551	0	0	0	0	0	0	0	0	0.018348623853211	0	0	0	0
176606000163	0.19672131147541	0.163934426229508	0.0327868852459016	0.0327868852459016	0.0491803278688525	0.0491803278688525	0	0	0	0	0	0	0	0	0.0655737704918033	0	0	0	0
176622000068	0.15625	0.03125	0	0	0.015625	0	0	0	0	0	0	0	0	0	0.0625	0	0	0	0
176823000066	0.075	0.025	0.025	0	0.025	0	0	0	0	0	0	0	0	0	0	0	0	0	0
176890000305	0.134020618556701	0.11340206185567	0.0103092783505155	0.0103092783505155	0.0206185567010309	0.0103092783505155	0	0	0	0	0	0	0	0	0.0412371134020619	0.0103092783505155	0	0	0
181001000599	0.140495867768595	0.0661157024793388	0	0.0165289256198347	0.0165289256198347	0.0165289256198347	0	0	0	0	0	0	0	0	0.0247933884297521	0.00826446280991736	0	0	0
181001001676	0.0909090909090909	0.0505050505050505	0	0	0	0.0303030303030303	0	0	0	0	0	0	0	0	0.0101010101010101	0	0	0	0
181001003202	0.182795698924731	0.0752688172043011	0.010752688172043	0	0.021505376344086	0.021505376344086	0	0	0	0	0	0	0	0	0.043010752688172	0	0	0	0
181220000014	0.032258064516129	0.032258064516129	0	0	0.032258064516129	0	0	0	0	0	0	0	0	0	0.032258064516129	0	0	0	0
181794000748	0.0892857142857143	0.0535714285714286	0.0357142857142857	0.0178571428571429	0.0178571428571429	0.0178571428571429	0	0	0	0	0	0	0	0	0.0535714285714286	0	0	0	0
183247000213	0.15625	0.015625	0.015625	0.015625	0.015625	0	0	0	0	0	0	0	0	0	0.078125	0	0	0	0
183592000072	0.0947368421052632	0.105263157894737	0.0526315789473684	0.0526315789473684	0.0210526315789474	0.0315789473684211	0	0	0	0	0	0	0	0	0.0421052631578947	0.0105263157894737	0	0	0
185001001183	0.151515151515152	0.0848484848484849	0.0242424242424242	0.0121212121212121	0.0242424242424242	0.0424242424242424	0	0	0	0	0	0	0	0	0.0909090909090909	0.0181818181818182	0	0	0
185001003208	0.103448275862069	0.103448275862069	0.0344827586206897	0.0114942528735632	0.0229885057471264	0	0	0	0	0	0	0	0	0	0.0689655172413793	0	0	0	0
185001003881	0.25	0.15	0	0	0	0	0	0	0	0	0	0	0	0	0.05	0	0	0	0
185010000505	0.2	0.1	0	0	0	0	0	0	0	0	0	0	0	0	0.15	0	0	0	0
185139000099	0.24390243902439	0.121951219512195	0.0487804878048781	0	0.024390243902439	0.0731707317073171	0	0	0	0	0	0	0	0	0.0975609756097561	0.024390243902439	0	0	0
185139000391	0.156521739130435	0.11304347826087	0.0173913043478261	0.00869565217391304	0.0173913043478261	0.0173913043478261	0	0	0	0	0	0	0	0	0.0695652173913043	0.00869565217391304	0	0	0
185279000013	0.235294117647059	0.117647058823529	0	0	0.0588235294117647	0.0588235294117647	0	0	0	0	0	0	0	0	0.0588235294117647	0	0	0	0
186001000175	0.0846153846153846	0.0923076923076923	0.0153846153846154	0.0153846153846154	0.0307692307692308	0.0384615384615385	0	0	0	0	0	0	0	0	0.0846153846153846	0	0	0	0
186573000354	0.117021276595745	0.0531914893617021	0	0.0106382978723404	0.0212765957446809	0.0425531914893617	0	0	0	0	0	0	0	0	0.0319148936170213	0	0	0	0
186760000104	0.2	0.04	0	0.02	0	0.02	0	0	0	0	0	0	0	0	0	0	0	0	0
186885002061	0.103896103896104	0.116883116883117	0	0	0.0649350649350649	0.025974025974026	0	0	0	0	0	0	0	0	0.025974025974026	0.012987012987013	0	0	0
195001001731	0.363636363636364	0.363636363636364	0.181818181818182	0.181818181818182	0.181818181818182	0.181818181818182	0	0	0	0	0	0	0	0	0.272727272727273	0	0	0	0
197001000029	0.0689655172413793	0.0862068965517241	0	0.0172413793103448	0.0172413793103448	0.0172413793103448	0	0	0	0	0	0	0	0	0.0517241379310345	0	0	0	0
205001010264	0.169230769230769	0.0769230769230769	0	0	0.0153846153846154	0	0	0	0	0	0	0	0	0	0	0	0	0	0
205240000351	0.1	0	0	0	0	0	0	0	0	0	0	0	0	0	0.15	0	0	0	0
205308000452	0.25	0.176470588235294	0	0.0147058823529412	0.0294117647058824	0.0294117647058824	0	0	0	0	0	0	0	0	0.102941176470588	0	0	0	0
205376000037	0	0	0	0	0	0	0	0	0	0	0	0	0	0	0	0	0	0	0
205541000101	0.166666666666667	0.166666666666667	0	0	0	0	0	0	0	0	0	0	0	0	0	0	0	0	0
205576000180	0.0909090909090909	0	0	0	0.181818181818182	0	0	0	0	0	0	0	0	0	0.0909090909090909	0	0	0	0
205615000397	0.0789473684210526	0.0526315789473684	0	0	0	0	0	0	0	0	0	0	0	0	0.0263157894736842	0	0	0	0
205615000877	0.159090909090909	0.0681818181818182	0.0227272727272727	0.0227272727272727	0.0227272727272727	0.0227272727272727	0	0	0	0	0	0	0	0	0.0909090909090909	0	0	0	0
205649000787	0.142857142857143	0	0.0714285714285714	0.0714285714285714	0.0714285714285714	0	0	0	0	0	0	0	0	0	0.142857142857143	0	0	0	0
205656000164	0.243243243243243	0.108108108108108	0.027027027027027	0.027027027027027	0.0540540540540541	0.0810810810810811	0	0	0	0	0	0	0	0	0.0540540540540541	0	0	0	0
205674000121	0.142857142857143	0	0	0	0	0	0	0	0	0	0	0	0	0	0	0	0	0	0
205690000262	0.157894736842105	0.157894736842105	0.0526315789473684	0	0.105263157894737	0.0526315789473684	0	0	0	0	0	0	0	0	0.0526315789473684	0	0	0	0
205837000000	0.0833333333333333	0.166666666666667	0.166666666666667	0	0.0833333333333333	0.0833333333333333	0	0	0	0	0	0	0	0	0.0833333333333333	0	0	0	0
205837000280	0.395833333333333	0.375	0	0	0.0416666666666667	0.0416666666666667	0	0	0	0	0	0	0	0	0.0416666666666667	0	0	0	0
205837005133	0.256410256410256	0.230769230769231	0.0769230769230769	0.0256410256410256	0.0256410256410256	0.0256410256410256	0	0	0	0	0	0	0	0	0.0769230769230769	0.0256410256410256	0	0	0
205837005524	0.153846153846154	0.179487179487179	0.0769230769230769	0.102564102564103	0.128205128205128	0.102564102564103	0	0	0	0	0	0	0	0	0.102564102564103	0	0	0	0
205847001098	0.0833333333333333	0	0	0.0833333333333333	0	0.0833333333333333	0	0	0	0	0	0	0	0	0	0	0	0	0
205890000356	0.166666666666667	0	0	0	0.166666666666667	0	0	0	0	0	0	0	0	0	0.166666666666667	0	0	0	0
205895001733	0.153846153846154	0.269230769230769	0.0384615384615385	0	0	0.153846153846154	0	0	0	0	0	0	0	0	0.115384615384615	0	0	0	0
208606000154	0	0	0	0	0	0.125	0	0	0	0	0	0	0	0	0.0625	0	0	0	0
211850000108	0.153846153846154	0.0769230769230769	0	0	0	0	0	0	0	0	0	0	0	0	0.0769230769230769	0	0	0	0
211850000931	0.204545454545455	0.113636363636364	0	0.0227272727272727	0.0227272727272727	0	0	0	0	0	0	0	0	0	0.0454545454545455	0	0	0	0
213001001292	0.0810810810810811	0.0540540540540541	0.027027027027027	0	0	0.0540540540540541	0	0	0	0	0	0	0	0	0.0540540540540541	0	0	0	0
213140000268	0.188679245283019	0.113207547169811	0.0188679245283019	0.0566037735849057	0.0754716981132075	0.0377358490566038	0	0	0	0	0	0	0	0	0.113207547169811	0.0188679245283019	0	0	0
213212000021	0.0909090909090909	0.0303030303030303	0.0303030303030303	0.0303030303030303	0.0303030303030303	0.0303030303030303	0	0	0	0	0	0	0	0	0	0	0	0	0
213430000610	0.0571428571428571	0.114285714285714	0	0	0	0	0	0	0	0	0	0	0	0	0.0857142857142857	0	0	0	0
215176000101	0.088	0.04	0.008	0.008	0.024	0.024	0	0	0	0	0	0	0	0	0.04	0.008	0	0	0
215238000331	0.136363636363636	0.0454545454545455	0.0454545454545455	0	0	0.0454545454545455	0	0	0	0	0	0	0	0	0	0	0	0	0
215238000412	0.166666666666667	0.166666666666667	0	0	0	0	0	0	0	0	0	0	0	0	0.5	0	0	0	0
215469000091	0	0	0	0.0555555555555556	0	0	0	0	0	0	0	0	0	0	0.0555555555555556	0	0	0	0
215664000055	0.1875	0	0	0	0	0	0	0	0	0	0	0	0	0	0.0625	0	0	0	0
217050000108	0.0769230769230769	0	0	0	0	0	0	0	0	0	0	0	0	0	0	0	0	0	0
217088000217	0.238095238095238	0.285714285714286	0	0	0	0.0476190476190476	0	0	0	0	0	0	0	0	0	0	0	0	0
217442000033	0.451612903225806	0.32258064516129	0.032258064516129	0	0	0	0	0	0	0	0	0	0	0	0	0	0	0	0
217524000392	0.137931034482759	0.0689655172413793	0	0	0.0344827586206897	0	0	0	0	0	0	0	0	0	0.0344827586206897	0	0	0	0
217614000201	0.133333333333333	0	0	0	0	0	0	0	0	0	0	0	0	0	0.2	0	0	0	0
217614000278	0.111111111111111	0	0	0	0	0	0	0	0	0	0	0	0	0	0	0	0	0	0
217777000151	0.0769230769230769	0.0769230769230769	0	0	0	0	0	0	0	0	0	0	0	0	0.0576923076923077	0	0	0	0
218753002648	0.133333333333333	0.1	0	0	0.1	0.0333333333333333	0	0	0	0	0	0	0	0	0.1	0	0	0	0
219100002215	0	0	0	0	0	0	0	0	0	0	0	0	0	0	0.285714285714286	0	0	0	0
219110001128	0.0833333333333333	0	0	0	0	0	0	0	0	0	0	0	0	0	0.0833333333333333	0	0	0	0
219130000586	0.037037037037037	0.0740740740740741	0	0	0	0.0740740740740741	0	0	0	0	0	0	0	0	0.111111111111111	0	0	0	0
219142000131	0.180327868852459	0.114754098360656	0	0.0163934426229508	0.0163934426229508	0.0327868852459016	0	0	0	0	0	0	0	0	0.0655737704918033	0	0	0	0
219548000124	0.0714285714285714	0.142857142857143	0	0	0	0	0	0	0	0	0	0	0	0	0.142857142857143	0	0	0	0
219548000370	0.0606060606060606	0.0303030303030303	0	0	0	0	0	0	0	0	0	0	0	0	0.0909090909090909	0.0303030303030303	0	0	0
219585000410	0.0909090909090909	0.0909090909090909	0.0454545454545455	0	0.0454545454545455	0.0454545454545455	0	0	0	0	0	0	0	0	0.0454545454545455	0	0	0	0
219622000174	0	0	0	0	0	0	0	0	0	0	0	0	0	0	0.166666666666667	0	0	0	0
219701000295	0.111111111111111	0	0.111111111111111	0	0	0	0	0	0	0	0	0	0	0	0.333333333333333	0	0	0	0
219760000517	0.0833333333333333	0	0	0	0	0.0833333333333333	0	0	0	0	0	0	0	0	0	0	0	0	0
220001001698	0.2	0.109090909090909	0	0.0181818181818182	0.0181818181818182	0	0	0	0	0	0	0	0	0	0.0545454545454545	0	0	0	0
220011000053	0.0666666666666667	0.133333333333333	0.0666666666666667	0	0	0.0666666666666667	0	0	0	0	0	0	0	0	0	0	0	0	0
220011001840	0.225806451612903	0.161290322580645	0	0.032258064516129	0.032258064516129	0	0	0	0	0	0	0	0	0	0.129032258064516	0	0	0	0
220175000399	0.125	0.125	0	0	0	0	0	0	0	0	0	0	0	0	0.125	0	0	0	0
220175017836	0.0882352941176471	0.0882352941176471	0.0294117647058824	0.0588235294117647	0	0	0	0	0	0	0	0	0	0	0.117647058823529	0	0	0	0
220400008345	0.037037037037037	0.037037037037037	0	0	0	0	0	0	0	0	0	0	0	0	0.111111111111111	0.037037037037037	0	0	0
220614000431	0.136363636363636	0.0454545454545455	0	0	0.0454545454545455	0	0	0	0	0	0	0	0	0	0.136363636363636	0	0	0	0
220770005485	0.2	0.2	0	0	0.1	0	0	0	0	0	0	0	0	0	0.1	0	0	0	0
223001000925	0.137931034482759	0.172413793103448	0.0689655172413793	0.0689655172413793	0.137931034482759	0.137931034482759	0	0	0	0	0	0	0	0	0.206896551724138	0.0344827586206897	0	0	0
223001004432	0.126126126126126	0.117117117117117	0	0.018018018018018	0.00900900900900901	0.0540540540540541	0	0	0	0	0	0	0	0	0.0720720720720721	0	0	0	0
223001006702	0.157894736842105	0.140350877192982	0.0175438596491228	0	0	0	0	0	0	0	0	0	0	0	0.0526315789473684	0	0	0	0
223168000081	0.0540540540540541	0.108108108108108	0	0	0	0	0	0	0	0	0	0	0	0	0	0	0	0	0
223417001629	0.0422535211267606	0.0563380281690141	0.0140845070422535	0.0422535211267606	0.028169014084507	0.0422535211267606	0	0	0	0	0	0	0	0	0.126760563380282	0.028169014084507	0	0	0
223417001670	0.166666666666667	0.208333333333333	0	0.0833333333333333	0.0416666666666667	0.125	0	0	0	0	0	0	0	0	0.0416666666666667	0	0	0	0
223417002111	0.024390243902439	0.024390243902439	0	0	0	0.0487804878048781	0	0	0	0	0	0	0	0	0.0731707317073171	0	0	0	0
223500000341	0.05	0.025	0.025	0.1	0.1	0.05	0	0	0	0	0	0	0	0	0.1	0.025	0	0	0
223500000413	0.142857142857143	0.107142857142857	0	0	0	0.0357142857142857	0	0	0	0	0	0	0	0	0.0714285714285714	0	0	0	0
223580001121	0.13953488372093	0.0697674418604651	0	0.0232558139534884	0.0232558139534884	0	0	0	0	0	0	0	0	0	0.0930232558139535	0	0	0	0
223670000086	0.342857142857143	0.285714285714286	0.114285714285714	0.114285714285714	0.114285714285714	0.142857142857143	0	0	0	0	0	0	0	0	0.0857142857142857	0	0	0	0
223675000572	0.0434782608695652	0	0	0	0	0	0	0	0	0	0	0	0	0	0.0434782608695652	0	0	0	0
223807000895	0.142857142857143	0.142857142857143	0.0357142857142857	0	0	0.0714285714285714	0	0	0	0	0	0	0	0	0	0	0	0	0
223807001875	0.105263157894737	0.105263157894737	0.0263157894736842	0.0263157894736842	0.0263157894736842	0.0263157894736842	0	0	0	0	0	0	0	0	0.131578947368421	0	0	0	0
225154000188	0.117647058823529	0.117647058823529	0.0588235294117647	0.0588235294117647	0.0588235294117647	0.0588235294117647	0	0	0	0	0	0	0	0	0.117647058823529	0	0	0	0
225178000375	0.0526315789473684	0.105263157894737	0	0	0	0.0526315789473684	0	0	0	0	0	0	0	0	0.0526315789473684	0	0	0	0
225269000688	0.0859375	0.0546875	0.0078125	0	0.0078125	0.015625	0	0	0	0	0	0	0	0	0.046875	0.015625	0	0	0
225279000040	0.0769230769230769	0	0	0	0	0	0	0	0	0	0	0	0	0	0	0	0	0	0
225286000012	0.0298507462686567	0.0447761194029851	0	0	0	0	0	0	0	0	0	0	0	0	0	0	0	0	0
225489000450	0.0714285714285714	0.0714285714285714	0	0	0	0	0	0	0	0	0	0	0	0	0.0714285714285714	0	0	0	0
225797000207	0.166666666666667	0.119047619047619	0	0	0	0	0	0	0	0	0	0	0	0	0.0952380952380952	0	0	0	0
225839000911	0	0.0625	0	0	0	0	0	0	0	0	0	0	0	0	0	0	0	0	0
225839001071	0.142857142857143	0	0	0	0	0	0	0	0	0	0	0	0	0	0	0	0	0	0
227075000043	0.25	0	0.25	0.25	0.5	0.5	0	0	0	0	0	0	0	0	0.75	0	0	0	0
227077000245	0.32	0.16	0.04	0	0.04	0.04	0	0	0	0	0	0	0	0	0.08	0	0	0	0
227077000849	0.333333333333333	0.333333333333333	0	0	0	0	0	0	0	0	0	0	0	0	0	0	0	0	0
227077001675	0.230769230769231	0.153846153846154	0.0769230769230769	0	0.0769230769230769	0	0	0	0	0	0	0	0	0	0.153846153846154	0.0769230769230769	0	0	0
227361000727	0.307692307692308	0.307692307692308	0	0	0	0.0769230769230769	0	0	0	0	0	0	0	0	0.153846153846154	0	0	0	0
227361000816	0.166666666666667	0.0416666666666667	0	0.0416666666666667	0.0833333333333333	0.125	0	0	0	0	0	0	0	0	0.0416666666666667	0	0	0	0
241013000121	0.105263157894737	0.0526315789473684	0	0	0	0	0	0	0	0	0	0	0	0	0.0526315789473684	0	0	0	0
241206000071	0.2	0.2	0	0	0.0666666666666667	0.0666666666666667	0	0	0	0	0	0	0	0	0	0.0666666666666667	0	0	0
241359000160	0	0	0	0	0.0416666666666667	0.0833333333333333	0	0	0	0	0	0	0	0	0.125	0.0416666666666667	0	0	0
241503000072	0.0416666666666667	0.0833333333333333	0	0.0208333333333333	0.0208333333333333	0.0416666666666667	0	0	0	0	0	0	0	0	0.104166666666667	0	0	0	0
241551000106	0.05	0.05	0	0	0	0	0	0	0	0	0	0	0	0	0.15	0	0	0	0
241551001790	0.0571428571428571	0	0	0	0	0	0	0	0	0	0	0	0	0	0.0571428571428571	0	0	0	0
241660000094	0.0588235294117647	0.0392156862745098	0	0	0	0	0	0	0	0	0	0	0	0	0.0588235294117647	0	0	0	0
241668000662	0.0344827586206897	0	0.0344827586206897	0	0	0.0344827586206897	0	0	0	0	0	0	0	0	0.0344827586206897	0	0	0	0
241676000132	0	0	0	0	0	0.0526315789473684	0	0	0	0	0	0	0	0	0	0	0	0	0
241770000642	0	0	0	0	0.05	0	0	0	0	0	0	0	0	0	0	0	0	0	0
241791000111	0.0476190476190476	0.0476190476190476	0	0	0.0238095238095238	0.0714285714285714	0	0	0	0	0	0	0	0	0.0714285714285714	0	0	0	0
244001000418	0.192982456140351	0.12280701754386	0	0	0.0350877192982456	0	0	0	0	0	0	0	0	0	0.0175438596491228	0	0	0	0
244001002895	0.0357142857142857	0.0357142857142857	0	0	0	0	0	0	0	0	0	0	0	0	0.0357142857142857	0	0	0	0
244001004529	0.2	0	0	0	0	0.1	0	0	0	0	0	0	0	0	0	0	0	0	0
244279001300	0.0625	0.125	0	0	0	0	0	0	0	0	0	0	0	0	0	0	0	0	0
244560000100	0.166666666666667	0.152777777777778	0.0416666666666667	0.0416666666666667	0.0416666666666667	0.0277777777777778	0	0	0	0	0	0	0	0	0.0694444444444444	0	0	0	0
244650000273	0.0833333333333333	0.0833333333333333	0	0	0	0	0	0	0	0	0	0	0	0	0.0833333333333333	0	0	0	0
247001001464	0.0888888888888889	0.0888888888888889	0.0222222222222222	0.0222222222222222	0.0222222222222222	0.0222222222222222	0	0	0	0	0	0	0	0	0.0666666666666667	0.0222222222222222	0	0	0
247189000761	0	0	0	0	0	0	0	0	0	0	0	0	0	0	0.1	0	0	0	0
247245001890	0.05	0.05	0	0.0166666666666667	0.0166666666666667	0.0666666666666667	0	0	0	0	0	0	0	0	0.0333333333333333	0	0	0	0
247460002331	0.078125	0.0625	0	0.015625	0.015625	0	0	0	0	0	0	0	0	0	0.09375	0	0	0	0
250350000841	0.0588235294117647	0.0588235294117647	0	0	0	0	0	0	0	0	0	0	0	0	0.0588235294117647	0	0	0	0
250577000332	0	0	0.0555555555555556	0	0	0.0555555555555556	0	0	0	0	0	0	0	0	0.0555555555555556	0	0	0	0
252001001603	0.121212121212121	0.0606060606060606	0	0	0	0	0	0	0	0	0	0	0	0	0.0303030303030303	0	0	0	0
252083000201	0	0	0.125	0	0	0	0	0	0	0	0	0	0	0	0	0	0	0	0
252378000067	0	0	0	0	0	0	0	0	0	0	0	0	0	0	0	0	0	0	0
252490000029	0	0	0	0	0	0.142857142857143	0	0	0	0	0	0	0	0	0.142857142857143	0	0	0	0
252678000654	0.1	0	0.1	0.1	0.1	0	0	0	0	0	0	0	0	0	0.2	0	0	0	0
252835000515	0.15	0.1	0	0	0	0	0	0	0	0	0	0	0	0	0.05	0	0	0	0
252835000523	0.384615384615385	0.307692307692308	0.0769230769230769	0.0769230769230769	0	0.0769230769230769	0	0	0	0	0	0	0	0	0	0	0	0	0
254001009151	0.166666666666667	0.0833333333333333	0	0.0416666666666667	0	0	0	0	0	0	0	0	0	0	0.125	0	0	0	0
254206000149	0.2	0.1	0.1	0	0.05	0	0	0	0	0	0	0	0	0	0.1	0	0	0	0
254250000253	0.178571428571429	0.178571428571429	0	0	0.0357142857142857	0	0	0	0	0	0	0	0	0	0.178571428571429	0	0	0	0
254313000054	0.142857142857143	0.0714285714285714	0	0.0714285714285714	0.0714285714285714	0	0	0	0	0	0	0	0	0	0.0714285714285714	0	0	0	0
254398000368	0.125	0.0625	0	0	0	0	0	0	0	0	0	0	0	0	0	0	0	0	0
254480000139	0	0	0	0	0	0.0588235294117647	0	0	0	0	0	0	0	0	0.176470588235294	0	0	0	0
254518001100	0.153846153846154	0.153846153846154	0	0	0	0	0	0	0	0	0	0	0	0	0	0	0	0	0
254720001197	0.2	0	0	0	0.1	0	0	0	0	0	0	0	0	0	0.2	0	0	0	0
254820000040	0	0	0	0.0769230769230769	0	0	0	0	0	0	0	0	0	0	0.153846153846154	0	0	0	0
254874000568	0.171428571428571	0.138095238095238	0.00952380952380952	0	0.0380952380952381	0.00476190476190476	0	0	0	0	0	0	0	0	0.0333333333333333	0	0	0	0
263690000084	0.0526315789473684	0.0526315789473684	0	0	0	0	0	0	0	0	0	0	0	0	0.105263157894737	0	0	0	0
266440000070	0.1875	0.1875	0	0	0	0	0	0	0	0	0	0	0	0	0.0625	0	0	0	0
268229000180	0.0384615384615385	0	0	0	0	0	0	0	0	0	0	0	0	0	0.0384615384615385	0	0	0	0
268235000621	0.0454545454545455	0.0454545454545455	0	0	0	0	0	0	0	0	0	0	0	0	0.0454545454545455	0	0	0	0
268307000035	0.0526315789473684	0	0	0	0	0	0	0	0	0	0	0	0	0	0.105263157894737	0	0	0	0
268572000349	0	0.0476190476190476	0	0	0.0476190476190476	0	0	0	0	0	0	0	0	0	0.0952380952380952	0	0	0	0
268573000202	0.210526315789474	0.105263157894737	0.0526315789473684	0	0	0.0526315789473684	0	0	0	0	0	0	0	0	0.263157894736842	0	0	0	0
268615001107	0	0	0	0	0	0	0	0	0	0	0	0	0	0	0.117647058823529	0	0	0	0
268745000161	0	0	0	0	0	0	0	0	0	0	0	0	0	0	0	0	0	0	0
268780000247	0	0	0	0	0	0	0	0	0	0	0	0	0	0	0	0	0	0	0
268855000094	0.111111111111111	0.111111111111111	0	0	0	0	0	0	0	0	0	0	0	0	0	0	0	0	0
268872000171	0.0666666666666667	0	0	0	0	0.0666666666666667	0	0	0	0	0	0	0	0	0	0	0	0	0
270124000278	0.125	0.0625	0	0	0	0.125	0	0	0	0	0	0	0	0	0	0	0	0	0
270215000190	0	0.0555555555555556	0	0	0.0555555555555556	0.0555555555555556	0	0	0	0	0	0	0	0	0	0	0	0	0
270215001099	0.125	0.09375	0.03125	0.03125	0.0625	0	0	0	0	0	0	0	0	0	0.0625	0	0	0	0
270418000021	0.125	0.0416666666666667	0.0416666666666667	0.0416666666666667	0.0833333333333333	0.125	0	0	0	0	0	0	0	0	0.208333333333333	0.0416666666666667	0	0	0
270429001819	0	0.125	0	0	0.25	0	0	0	0	0	0	0	0	0	0.125	0.125	0	0	0
270678000130	0.1875	0.0625	0	0	0	0.0625	0	0	0	0	0	0	0	0	0.0625	0	0	0	0
270678000521	0.25	0.3125	0.0625	0	0	0	0	0	0	0	0	0	0	0	0.1875	0	0	0	0
270678000580	0	0.0434782608695652	0	0	0	0	0	0	0	0	0	0	0	0	0	0	0	0	0
270713000601	0.36	0.28	0.08	0	0.04	0	0	0	0	0	0	0	0	0	0.08	0	0	0	0
273001000337	0	0.0454545454545455	0	0	0	0	0	0	0	0	0	0	0	0	0.181818181818182	0	0	0	0
273124000366	0.0697674418604651	0.0232558139534884	0.0232558139534884	0.0232558139534884	0	0.0465116279069767	0	0	0	0	0	0	0	0	0.0232558139534884	0.0232558139534884	0	0	0
273200000354	0.333333333333333	0.25	0.0833333333333333	0.0833333333333333	0.166666666666667	0.0833333333333333	0	0	0	0	0	0	0	0	0.0833333333333333	0	0	0	0
273411000466	0.136363636363636	0.0909090909090909	0.0454545454545455	0.0454545454545455	0.0454545454545455	0.0454545454545455	0	0	0	0	0	0	0	0	0.0454545454545455	0	0	0	0
273411000687	0.0714285714285714	0.0714285714285714	0	0	0	0	0	0	0	0	0	0	0	0	0.0714285714285714	0	0	0	0
273624001938	0.0476190476190476	0.0476190476190476	0	0	0	0	0	0	0	0	0	0	0	0	0	0	0	0	0
276001011354	0.0958904109589041	0.0821917808219178	0.0136986301369863	0	0.0410958904109589	0.0273972602739726	0	0	0	0	0	0	0	0	0.0547945205479452	0	0	0	0
276020000249	0.144927536231884	0.130434782608696	0	0	0	0	0	0	0	0	0	0	0	0	0.0289855072463768	0	0	0	0
276113000011	0.2	0.1	0	0	0	0.0333333333333333	0	0	0	0	0	0	0	0	0.0333333333333333	0	0	0	0
276520002052	0.181818181818182	0.121212121212121	0.0151515151515152	0	0	0	0	0	0	0	0	0	0	0	0.0606060606060606	0	0	0	0
276828000441	0.0833333333333333	0.111111111111111	0	0	0.0277777777777778	0.0277777777777778	0	0	0	0	0	0	0	0	0.0277777777777778	0	0	0	0
276890000091	0.153846153846154	0.0384615384615385	0	0	0.0769230769230769	0	0	0	0	0	0	0	0	0	0	0	0	0	0
276895000044	0.0983606557377049	0.0983606557377049	0.0491803278688525	0.0491803278688525	0.0655737704918033	0.0491803278688525	0	0	0	0	0	0	0	0	0.114754098360656	0	0	0	0
281065000627	0.16	0.2	0	0	0	0	0	0	0	0	0	0	0	0	0.04	0	0	0	0
281065001828	0.0909090909090909	0.0454545454545455	0	0	0	0	0	0	0	0	0	0	0	0	0.0454545454545455	0	0	0	0
281300000079	0.227272727272727	0.0454545454545455	0	0	0	0	0	0	0	0	0	0	0	0	0.0454545454545455	0	0	0	0
283094000434	0	0.142857142857143	0	0	0.142857142857143	0	0	0	0	0	0	0	0	0	0.142857142857143	0	0	0	0
283479000222	0.05	0.05	0	0	0.05	0	0	0	0	0	0	0	0	0	0.15	0	0	0	0
283765000086	0.25	0.1875	0	0	0	0	0	0	0	0	0	0	0	0	0.125	0	0	0	0
283860000506	0.0666666666666667	0.0666666666666667	0	0	0.0666666666666667	0.0666666666666667	0	0	0	0	0	0	0	0	0.266666666666667	0	0	0	0
285010000038	0.227272727272727	0.0454545454545455	0.0909090909090909	0.0454545454545455	0.0909090909090909	0.0909090909090909	0	0	0	0	0	0	0	0	0.0909090909090909	0	0	0	0
285139000107	0.538461538461538	0.307692307692308	0	0	0	0	0	0	0	0	0	0	0	0	0	0	0	0	0
285230000098	0.0588235294117647	0	0	0	0	0	0	0	0	0	0	0	0	0	0.0588235294117647	0	0	0	0
285410000916	0.233333333333333	0.166666666666667	0	0	0	0.0333333333333333	0	0	0	0	0	0	0	0	0.0333333333333333	0	0	0	0
286320000875	0.0625	0.0625	0	0	0	0	0	0	0	0	0	0	0	0	0.0625	0	0	0	0
286573000901	0.157894736842105	0.0526315789473684	0.0526315789473684	0	0.0526315789473684	0	0	0	0	0	0	0	0	0	0.157894736842105	0	0	0	0
294001000695	0.125	0.125	0.0416666666666667	0	0.0833333333333333	0	0	0	0	0	0	0	0	0	0	0	0	0	0
295001001451	0.333333333333333	0.166666666666667	0	0	0	0	0	0	0	0	0	0	0	0	0	0	0	0	0
305001000077	0.0909090909090909	0.0909090909090909	0	0	0	0	0	0	0	0	0	0	0	0	0	0	0	0	0
305001003491	0.0357142857142857	0	0	0	0	0	0	0	0	0	0	0	0	0	0.0357142857142857	0	0	0	0
305001003513	0.04	0	0	0	0	0	0	0	0	0	0	0	0	0	0.08	0	0	0	0
305001003696	0	0	0	0	0	0.0714285714285714	0	0	0	0	0	0	0	0	0	0	0	0	0
305138000015	0.333333333333333	0.333333333333333	0.166666666666667	0	0.166666666666667	0.166666666666667	0	0	0	0	0	0	0	0	0	0	0	0	0
305887000650	0.167630057803468	0.0751445086705202	0.00578034682080925	0.00578034682080925	0.0173410404624277	0.0173410404624277	0	0	0	0	0	0	0	0	0.023121387283237	0	0	0	0
308001011451	0.0943396226415094	0.0754716981132075	0.00943396226415094	0.0188679245283019	0.0283018867924528	0.0283018867924528	0	0	0	0	0	0	0	0	0.0754716981132075	0	0	0	0
308573000310	0.105263157894737	0.105263157894737	0	0	0	0	0	0	0	0	0	0	0	0	0.0526315789473684	0	0	0	0
308758002904	0.142857142857143	0	0	0	0	0	0	0	0	0	0	0	0	0	0	0	0	0	0
308758076304	0.125	0	0	0	0	0	0	0	0	0	0	0	0	0	0.125	0	0	0	0
308758076878	0.1	0.1	0	0	0.1	0	0	0	0	0	0	0	0	0	0.2	0	0	0	0
308758078366	0.2	0.228571428571429	0	0.0285714285714286	0.0285714285714286	0.0285714285714286	0	0	0	0	0	0	0	0	0	0	0	0	0
311001000263	0.375	0.125	0	0	0	0	0	0	0	0	0	0	0	0	0	0	0	0	0
311001000352	0	0	0	0	0.0714285714285714	0	0	0	0	0	0	0	0	0	0.0714285714285714	0	0	0	0
311001000859	0.0408163265306122	0.0204081632653061	0	0	0	0.0204081632653061	0	0	0	0	0	0	0	0	0.0204081632653061	0	0	0	0
311001009741	0.111111111111111	0	0	0	0	0	0	0	0	0	0	0	0	0	0.111111111111111	0	0	0	0
311001027722	0	0	0	0	0	0	0	0	0	0	0	0	0	0	0	0	0	0	0
311001042713	0	0	0	0	0	0	0	0	0	0	0	0	0	0	0	0	0	0	0
311001044953	0.111111111111111	0	0	0	0	0	0	0	0	0	0	0	0	0	0.111111111111111	0	0	0	0
311001065012	0	0	0	0	0	0	0	0	0	0	0	0	0	0	0.0434782608695652	0	0	0	0
311001065284	0.1	0.0333333333333333	0	0	0.0333333333333333	0	0	0	0	0	0	0	0	0	0.133333333333333	0	0	0	0
311001087755	0	0	0	0	0	0	0	0	0	0	0	0	0	0	0.0833333333333333	0	0	0	0
311001087989	0.106508875739645	0.0887573964497041	0.0118343195266272	0.0118343195266272	0.029585798816568	0.029585798816568	0	0	0	0	0	0	0	0	0.0236686390532544	0.0118343195266272	0	0	0
311001091013	0.0217391304347826	0	0	0	0.0217391304347826	0	0	0	0	0	0	0	0	0	0.0217391304347826	0.0217391304347826	0	0	0
311001092907	0.0869565217391304	0.0579710144927536	0.0144927536231884	0.0144927536231884	0.0144927536231884	0.0289855072463768	0	0	0	0	0	0	0	0	0.072463768115942	0	0	0	0
311001097178	0.176470588235294	0	0	0	0	0	0	0	0	0	0	0	0	0	0.0588235294117647	0	0	0	0
311001097658	0	0.0526315789473684	0	0	0	0	0	0	0	0	0	0	0	0	0.0526315789473684	0	0	0	0
311001099332	0	0	0	0	0.142857142857143	0.142857142857143	0	0	0	0	0	0	0	0	0.142857142857143	0	0	0	0
311001101451	0.214285714285714	0.142857142857143	0	0	0	0	0	0	0	0	0	0	0	0	0.0714285714285714	0	0	0	0
311001105243	0	0	0	0	0.0833333333333333	0	0	0	0	0	0	0	0	0	0.0833333333333333	0	0	0	0
311001109036	0.0416666666666667	0.0833333333333333	0	0	0	0	0	0	0	0	0	0	0	0	0.0833333333333333	0	0	0	0
311001109265	0	0.0526315789473684	0	0	0	0	0	0	0	0	0	0	0	0	0	0	0	0	0
311279000094	0.0909090909090909	0.0227272727272727	0	0.0227272727272727	0	0.0227272727272727	0	0	0	0	0	0	0	0	0	0	0	0	0
311769002451	0.115384615384615	0.115384615384615	0	0	0	0	0	0	0	0	0	0	0	0	0.0769230769230769	0	0	0	0
311848000588	0	0.125	0	0	0	0	0	0	0	0	0	0	0	0	0	0	0	0	0
311848002424	0.0317460317460317	0.0317460317460317	0	0	0	0	0	0	0	0	0	0	0	0	0	0	0	0	0
311848002459	0.0967741935483871	0.032258064516129	0	0	0	0	0	0	0	0	0	0	0	0	0	0	0	0	0
311848003323	0	0.0833333333333333	0	0	0	0	0	0	0	0	0	0	0	0	0	0	0	0	0
313001002251	0.0714285714285714	0.0714285714285714	0.0714285714285714	0	0.0714285714285714	0	0	0	0	0	0	0	0	0	0.142857142857143	0	0	0	0
313001003834	0.1	0	0	0	0	0	0	0	0	0	0	0	0	0	0	0	0	0	0
313001013856	0.133333333333333	0.2	0	0	0	0	0	0	0	0	0	0	0	0	0	0	0	0	0
313052000309	0.0888888888888889	0.111111111111111	0	0.0222222222222222	0.0222222222222222	0.0444444444444444	0	0	0	0	0	0	0	0	0.0666666666666667	0	0	0	0
313052000752	0.181818181818182	0.181818181818182	0.0303030303030303	0.0606060606060606	0.121212121212121	0.0606060606060606	0	0	0	0	0	0	0	0	0.121212121212121	0	0	0	0
313074000019	0.0851063829787234	0.0319148936170213	0	0	0.0212765957446809	0.0212765957446809	0	0	0	0	0	0	0	0	0.0425531914893617	0	0	0	0
315001000188	0.0263157894736842	0.0263157894736842	0.0263157894736842	0.0263157894736842	0.0263157894736842	0.0263157894736842	0	0	0	0	0	0	0	0	0.0789473684210526	0.0263157894736842	0	0	0
315176001004	0	0	0.142857142857143	0	0	0	0	0	0	0	0	0	0	0	0	0	0	0	0
315469000533	0.2	0.2	0	0	0.1	0	0	0	0	0	0	0	0	0	0	0	0	0	0
315516000628	0.0487804878048781	0	0	0	0	0	0	0	0	0	0	0	0	0	0.0487804878048781	0	0	0	0
315753000021	0.102040816326531	0.102040816326531	0	0	0.0408163265306122	0.0204081632653061	0	0	0	0	0	0	0	0	0.0204081632653061	0	0	0	0
315776000133	0.0975609756097561	0.0487804878048781	0	0	0.024390243902439	0	0	0	0	0	0	0	0	0	0	0	0	0	0
319548000692	0	0	0	0	0	0	0	0	0	0	0	0	0	0	0.25	0	0	0	0
320001005019	0.0625	0.03125	0.03125	0	0	0.03125	0	0	0	0	0	0	0	0	0.15625	0	0	0	0
320001006287	0.1	0.1	0.025	0.025	0	0	0	0	0	0	0	0	0	0	0.075	0	0	0	0
320013022865	0	0	0	0	0	0	0	0	0	0	0	0	0	0	0	0	0	0	0
325126000827	0	0	0	0	0	0	0	0	0	0	0	0	0	0	0	0	0	0	0
325175000531	0	0	0	0	0	0	0	0	0	0	0	0	0	0	0.142857142857143	0	0	0	0
325200000214	0	0	0	0	0	0	0	0	0	0	0	0	0	0	0	0	0	0	0
325200002411	0	0.0625	0	0	0	0	0	0	0	0	0	0	0	0	0	0	0	0	0
325307000501	0.192307692307692	0.115384615384615	0	0.0384615384615385	0.0384615384615385	0.0384615384615385	0	0	0	0	0	0	0	0	0.0384615384615385	0.0384615384615385	0	0	0
325307000985	0	0	0	0	0	0	0	0	0	0	0	0	0	0	0.0714285714285714	0	0	0	0
325317000240	0.0882352941176471	0.102941176470588	0.0294117647058824	0.0294117647058824	0.0441176470588235	0.0588235294117647	0	0	0	0	0	0	0	0	0.176470588235294	0.0147058823529412	0	0	0
325430001236	0.125	0	0	0	0	0	0	0	0	0	0	0	0	0	0	0	0	0	0
325754001590	0.109090909090909	0.0272727272727273	0.00909090909090909	0	0.00909090909090909	0.00909090909090909	0	0	0	0	0	0	0	0	0.0181818181818182	0	0	0	0
327491000111	0.224137931034483	0.172413793103448	0.0172413793103448	0.0172413793103448	0.0172413793103448	0.0689655172413793	0	0	0	0	0	0	0	0	0.0689655172413793	0	0	0	0
341483000024	0.0697674418604651	0.0232558139534884	0.0232558139534884	0.0232558139534884	0.0232558139534884	0.0232558139534884	0	0	0	0	0	0	0	0	0.0232558139534884	0.0232558139534884	0	0	0
341676000072	0.037037037037037	0.0740740740740741	0.0246913580246914	0	0.0246913580246914	0.0123456790123457	0	0	0	0	0	0	0	0	0.0493827160493827	0	0	0	0
344430001176	0.0555555555555556	0.166666666666667	0	0	0	0.0555555555555556	0	0	0	0	0	0	0	0	0.111111111111111	0	0	0	0
347001004468	0	0	0	0	0	0	0	0	0	0	0	0	0	0	0.15	0	0	0	0
347001007289	0.12	0.04	0	0	0	0	0	0	0	0	0	0	0	0	0.04	0	0	0	0
347288000352	0.12	0.146666666666667	0.0666666666666667	0.0533333333333333	0.08	0.0666666666666667	0	0	0	0	0	0	0	0	0.173333333333333	0.0133333333333333	0	0	0
347551000052	0.0833333333333333	0.0833333333333333	0	0	0.0416666666666667	0.104166666666667	0	0	0	0	0	0	0	0	0.0208333333333333	0	0	0	0
350001002521	0.291666666666667	0.125	0	0	0.0833333333333333	0.0416666666666667	0	0	0	0	0	0	0	0	0.125	0.0416666666666667	0	0	0
350006001972	0.352941176470588	0.294117647058824	0	0	0	0	0	0	0	0	0	0	0	0	0.0588235294117647	0	0	0	0
352001004275	0.111111111111111	0	0	0	0.111111111111111	0	0	0	0	0	0	0	0	0	0	0	0	0	0
352001004992	0.428571428571429	0.285714285714286	0	0.142857142857143	0.142857142857143	0.142857142857143	0	0	0	0	0	0	0	0	0	0	0	0	0
352203000018	0	0	0	0	0.0909090909090909	0	0	0	0	0	0	0	0	0	0.0909090909090909	0	0	0	0
352356000173	0.0196078431372549	0.00980392156862745	0.00980392156862745	0	0.00980392156862745	0.00980392156862745	0	0	0	0	0	0	0	0	0.0686274509803922	0	0	0	0
352356000467	0.357142857142857	0.142857142857143	0	0	0	0	0	0	0	0	0	0	0	0	0.142857142857143	0	0	0	0
354001000698	0.19047619047619	0.19047619047619	0.0476190476190476	0	0	0	0	0	0	0	0	0	0	0	0.0952380952380952	0	0	0	0
354001006254	0.166666666666667	0	0	0	0	0	0	0	0	0	0	0	0	0	0	0	0	0	0
354001006963	0.0909090909090909	0.0909090909090909	0	0	0	0	0	0	0	0	0	0	0	0	0.0909090909090909	0	0	0	0
354498001811	0	0	0	0	0.0555555555555556	0.0555555555555556	0	0	0	0	0	0	0	0	0.111111111111111	0	0	0	0
363001002983	0	0	0	0	0	0	0	0	0	0	0	0	0	0	0.166666666666667	0	0	0	0
368001003833	0.0465116279069767	0.0232558139534884	0.0232558139534884	0.0232558139534884	0	0.0232558139534884	0	0	0	0	0	0	0	0	0.0232558139534884	0	0	0	0
368001003990	0.142857142857143	0	0	0	0	0	0	0	0	0	0	0	0	0	0	0	0	0	0
368001005020	0	0	0	0	0	0	0	0	0	0	0	0	0	0	0.0833333333333333	0	0	0	0
368307000307	0.105263157894737	0.105263157894737	0.0526315789473684	0	0.0526315789473684	0	0	0	0	0	0	0	0	0	0.105263157894737	0	0	0	0
368861000025	0.0149253731343284	0.0298507462686567	0	0	0.0149253731343284	0.0149253731343284	0	0	0	0	0	0	0	0	0.0746268656716418	0	0	0	0
373671000570	0	0	0	0	0	0	0	0	0	0	0	0	0	0	0.111111111111111	0	0	0	0
376001000322	0.142857142857143	0.142857142857143	0	0	0	0	0	0	0	0	0	0	0	0	0	0	0	0	0
376001003461	0.145161290322581	0.145161290322581	0.0161290322580645	0	0	0	0	0	0	0	0	0	0	0	0.112903225806452	0	0	0	0
376001006231	0.0740740740740741	0	0	0	0	0	0	0	0	0	0	0	0	0	0.0740740740740741	0	0	0	0
376001012169	0.136363636363636	0.136363636363636	0	0	0	0	0	0	0	0	0	0	0	0	0	0	0	0	0
376001015737	0.333333333333333	0	0	0	0	0	0	0	0	0	0	0	0	0	0	0	0	0	0
376001025325	0.2	0.2	0	0	0	0.133333333333333	0	0	0	0	0	0	0	0	0	0	0	0	0
376001027379	0	0	0	0	0	0	0	0	0	0	0	0	0	0	0	0	0	0	0
376001028413	0.0909090909090909	0	0	0	0	0	0	0	0	0	0	0	0	0	0	0	0	0	0
376001036220	0.0454545454545455	0	0	0	0	0	0	0	0	0	0	0	0	0	0.0454545454545455	0	0	0	0
376001038567	0	0	0.166666666666667	0	0.166666666666667	0	0	0	0	0	0	0	0	0	0	0	0	0	0
376001091073	0.0869565217391304	0.0434782608695652	0	0	0	0	0	0	0	0	0	0	0	0	0.217391304347826	0	0	0	0
376109001970	0	0	0	0	0	0	0	0	0	0	0	0	0	0	0.2	0	0	0	0
376109009296	0.166666666666667	0.166666666666667	0	0	0	0	0	0	0	0	0	0	0	0	0	0	0	0	0
376364001291	0.0769230769230769	0.0769230769230769	0	0	0	0	0	0	0	0	0	0	0	0	0.0769230769230769	0	0	0	0
376834003198	0.285714285714286	0.142857142857143	0.142857142857143	0	0	0	0	0	0	0	0	0	0	0	0	0	0	0	0
376834003937	0.142857142857143	0.142857142857143	0	0	0	0	0	0	0	0	0	0	0	0	0	0	0	0	0
376834004313	0.333333333333333	0.333333333333333	0	0	0	0	0	0	0	0	0	0	0	0	0	0	0	0	0
376892000026	0.219512195121951	0.219512195121951	0	0.0487804878048781	0.024390243902439	0.0487804878048781	0	0	0	0	0	0	0	0	0	0	0	0	0
385001001506	0.208333333333333	0.166666666666667	0.0833333333333333	0.0416666666666667	0.0833333333333333	0.0833333333333333	0	0	0	0	0	0	0	0	0.125	0.0416666666666667	0	0	0
385001004041	0	0	0	0.0833333333333333	0.0833333333333333	0	0	0	0	0	0	0	0	0	0	0	0	0	0
388001000622	0.1	0.1	0	0.025	0	0	0	0	0	0	0	0	0	0	0.025	0	0	0	0
405001018213	0.0384615384615385	0.0384615384615385	0	0	0	0	0	0	0	0	0	0	0	0	0.0384615384615385	0	0	0	0
411001086561	0.05	0	0	0	0	0	0	0	0	0	0	0	0	0	0	0	0	0	0
413140000208	0.434782608695652	0.304347826086957	0	0	0	0.0652173913043478	0	0	0	0	0	0	0	0	0.0652173913043478	0	0	0	0
413433000610	0.111111111111111	0.222222222222222	0	0	0	0.111111111111111	0	0	0	0	0	0	0	0	0	0	0	0	0
415131000141	0	0	0	0	0	0.0555555555555556	0	0	0	0	0	0	0	0	0.111111111111111	0	0	0	0
441799000543	0.0666666666666667	0.0666666666666667	0	0	0	0	0	0	0	0	0	0	0	0	0.0666666666666667	0	0	0	0
447980002097	0.0425531914893617	0.0851063829787234	0	0.0212765957446809	0	0.0212765957446809	0	0	0	0	0	0	0	0	0.0851063829787234	0	0	0	0
452001005098	0.19047619047619	0.0476190476190476	0	0	0	0	0	0	0	0	0	0	0	0	0.0476190476190476	0	0	0	0
468001007010	0.09375	0.0625	0	0	0	0.03125	0	0	0	0	0	0	0	0	0.0625	0	0	0	0
476520007282	0	0.0476190476190476	0	0	0	0	0	0	0	0	0	0	0	0	0.19047619047619	0	0	0	0
570215000001	0	0	0	0	0	0	0	0	0	0	0	0	0	0	0	0	0	0	0
847058000200	0.166666666666667	0.0833333333333333	0.25	0.166666666666667	0.333333333333333	0.166666666666667	0	0	0	0	0	0	0	0	0.333333333333333	0	0	0	0
